165618
130505
136283
133363
75936
133363
142317
133363
145433
145433
122294
84622
136283
133363
84622
79298
142317
82809
145433
139267
145433
136283
133363
133363
139267
84622
139267
79298
82809
133363
139267
81034
117109
136283
142317
139267
84622
75936
84622
79298
72716
119673
145433
145433
136283
82809
84622
127708
127708
84622
139267
136283
84622
139267
75936
117109
155197
148618
158596
127708
133363
136283
133363
158596
84622
124972
84622
142317
127708
142317
81034
130505
139267
136283
84622
84622
130505
142317
79298
136283
136283
142317
81034
139267
77598
82809
145433
142317
139267
82809
82809
136283
139267
139267
77598
136283
148618
142317
136283
148618
155197
130505
81034
122294
124972
81034
82809
142317
130505
136283
136283
139267
148618
127708
81034
145433
151872
124972
155197
151872
158596
122294
127708
136283
139267
71158
151872
136283
139267
148618
148618
130505
84622
130505
119673
148618
139267
124972
84622
75936
130505
139267
145433
84622
142317
79298
69633
145433
155197
130505
127708
148618
82809
124972
84622
130505
81034
133363
139267
117109
79298
139267
133363
136283
79298
139267
127708
77598
79298
151872
133363
82809
133363
133363
165618
127708
148618
124972
145433
142317
139267
145433
158596
122294
75936
142317
122294
136283
133363
82809
136283
81034
79298
145433
127708
79298
82809
142317
122294
151872
79298
136283
139267
127708
158596
145433
74309
142317
148618
74309
130505
127708
82809
139267
139267
142317
136283
136283
84622
133363
130505
133363
72716
79298
139267
84622
148618
117109
82809
158596
82809
81034
136283
130505
139267
142317
145433
133363
145433
136283
151872
119673
139267
119673
139267
155197
127708
130505
136283
145433
84622
82809
139267
81034
117109
82809
130505
124972
133363
75936
127708
122294
142317
151872
81034
136283
151872
133363
139267
139267
139267
133363
142317
158596
74309
72716
145433
124972
84622
84622
122294
136283
139267
81034
81034
84622
145433
148618
139267
127708
81034
148618
82809
127708
84622
82809
127708
136283
119673
84622
84622
136283
151872
136283
133363
142317
84622
84622
145433
133363
84622
127708
75936
139267
119673
133363
139267
136283
142317
81034
127708
84622
148618
82809
77598
145433
142317
82809
127708
124972
72716
142317
81034
81034
162069
136283
82809
133363
82809
75936
77598
77598
148618
133363
139267
130505
117109
145433
142317
122294
139267
127708
82809
155197
136283
127708
142317
133363
142317
155197
151872
119673
139267
136283
139267
136283
81034
139267
136283
82809
127708
155197
127708
139267
148618
142317
148618
136283
84622
84622
127708
75936
145433
81034
82809
155197
162069
142317
119673
133363
139267
148618
119673
79298
81034
77598
82809
124972
136283
139267
142317
133363
145433
82809
84622
136283
155197
133363
133363
133363
77598
142317
145433
84622
151872
124972
136283
133363
122294
133363
130505
139267
69633
136283
145433
122294
136283
130505
133363
136283
145433
133363
133363
122294
130505
142317
124972
158596
119673
130505
145433
136283
79298
148618
84622
84622
119673
145433
145433
142317
84622
133363
127708
84622
151872
79298
142317
77598
139267
84622
142317
84622
124972
117109
133363
145433
148618
84622
109741
130505
145433
136283
155197
155197
151872
84622
84622
79298
148618
133363
130505
136283
142317
127708
130505
130505
148618
77598
133363
136283
130505
81034
79298
136283
84622
127708
151872
127708
139267
133363
124972
133363
139267
136283
148618
133363
84622
145433
79298
130505
142317
82809
130505
84622
133363
127708
124972
145433
133363
155197
145433
84622
75936
127708
136283
142317
155197
84622
122294
82809
136283
133363
122294
79298
136283
142317
151872
82809
81034
139267
142317
81034
124972
158596
136283
75936
127708
136283
81034
84622
72716
119673
136283
136283
82809
75936
84622
133363
139267
148618
84622
124972
127708
142317
142317
119673
127708
136283
130505
82809
139267
130505
162069
127708
130505
81034
139267
84622
148618
74309
142317
82809
136283
127708
82809
136283
148618
145433
148618
142317
130505
133363
69633
130505
122294
84622
139267
81034
81034
124972
165618
82809
151872
133363
133363
249944
136283
74309
119673
142317
119673
84622
77598
81034
142317
84622
81034
139267
82809
79298
133363
151872
133363
82809
127708
139267
145433
148618
133363
82809
139267
145433
145433
75936
122294
136283
155197
79298
75936
127708
130505
124972
133363
84622
124972
151872
122294
81034
130505
142317
84622
142317
136283
127708
124972
139267
145433
127708
119673
122294
145433
124972
119673
142317
151872
122294
139267
127708
148618
142317
81034
130505
151872
84622
84622
142317
142317
124972
136283
72716
139267
136283
75936
145433
133363
133363
127708
130505
127708
84622
139267
148618
148618
133363
145433
81034
124972
151872
133363
148618
142317
136283
155197
145433
82809
81034
84622
84622
148618
139267
82809
84622
148618
130505
127708
145433
136283
84622
79298
82809
155197
136283
145433
82809
84622
133363
127708
142317
81034
136283
84622
81034
139267
133363
127708
136283
77598
84622
142317
139267
72716
148618
81034
145433
127708
148618
124972
133363
133363
133363
124972
124972
139267
136283
133363
130505
124972
127708
244589
155197
139267
84622
124972
136283
130505
145433
145433
84622
74309
130505
82809
79298
139267
130505
139267
136283
165618
148618
75936
124972
133363
136283
124972
136283
84622
145433
139267
148618
133363
75936
79298
139267
84622
77598
79298
79298
133363
148618
142317
136283
136283
127708
127708
81034
117109
81034
130505
169244
77598
117109
151872
130505
82809
136283
145433
79298
155197
139267
158596
130505
136283
124972
142317
158596
124972
142317
117109
136283
136283
136283
158596
124972
122294
133363
158596
145433
82809
136283
139267
122294
142317
122294
151872
145433
151872
151872
84622
139267
142317
84622
127708
148618
133363
139267
84622
124972
122294
79298
122294
127708
84622
136283
133363
117109
82809
142317
130505
139267
79298
127708
79298
155197
136283
84622
82809
139267
136283
127708
133363
148618
133363
84622
139267
145433
136283
81034
133363
133363
79298
77598
151872
133363
124972
139267
117109
71158
145433
136283
142317
122294
84622
136283
130505
77598
148618
130505
142317
81034
151872
136283
136283
84622
84622
81034
133363
124972
74309
136283
75936
136283
79298
136283
84622
142317
142317
84622
117109
82809
82809
133363
139267
82809
133363
142317
145433
82809
139267
130505
130505
130505
133363
81034
82809
117109
84622
127708
75936
133363
139267
124972
145433
130505
130505
145433
127708
127708
84622
142317
272566
139267
81034
77598
133363
139267
136283
84622
84622
81034
122294
136283
119673
136283
136283
72716
117109
124972
84622
84622
142317
142317
127708
142317
84622
130505
136283
148618
142317
124972
139267
139267
81034
84622
127708
142317
130505
79298
130505
84622
127708
155197
