165618
158596
151872
155197
169244
219483
151872
261010
255417
158596
158596
261010
145433
169244
145433
151872
155197
151872
244589
145433
169244
266726
162069
162069
151872
158596
155197
272566
266726
158596
169244
148618
151872
158596
158596
272566
151872
155197
165618
284634
278535
165618
158596
244589
158596
155197
165618
165618
145433
234219
145433
261010
155197
165618
158596
165618
169244
130505
244589
165618
266726
162069
155197
165618
165618
142317
249944
158596
142317
162069
169244
169244
155197
162069
148618
148618
151872
239347
162069
139267
261010
165618
290866
158596
151872
249944
139267
255417
151872
151872
255417
162069
158596
158596
142317
158596
266726
162069
162069
142317
255417
266726
155197
162069
148618
165618
145433
155197
165618
155197
290866
261010
145433
148618
278535
239347
148618
261010
165618
151872
165618
169244
130505
165618
278535
169244
162069
148618
155197
155197
142317
151872
151872
162069
158596
165618
169244
162069
249944
155197
158596
162069
142317
266726
162069
249944
244589
151872
266726
165618
169244
148618
158596
297236
249944
165618
142317
151872
162069
229200
136283
249944
142317
249944
266726
165618
136283
165618
127708
151872
169244
158596
261010
169244
165618
162069
155197
169244
278535
158596
284634
278535
151872
162069
165618
162069
136283
142317
244589
165618
145433
169244
165618
162069
145433
145433
249944
151872
148618
155197
155197
284634
148618
169244
272566
162069
272566
162069
155197
155197
158596
155197
148618
266726
239347
162069
155197
165618
234219
165618
165618
155197
266726
278535
266726
290866
266726
151872
158596
272566
145433
165618
142317
158596
165618
139267
261010
162069
148618
151872
162069
162069
162069
261010
148618
169244
158596
165618
162069
139267
255417
151872
261010
162069
148618
155197
162069
165618
255417
155197
284634
169244
148618
158596
255417
158596
165618
145433
148618
162069
272566
266726
169244
148618
158596
158596
278535
266726
261010
148618
162069
255417
155197
142317
244589
162069
165618
165618
142317
162069
162069
272566
249944
165618
145433
255417
255417
244589
255417
151872
272566
272566
224289
169244
261010
162069
151872
165618
169244
165618
162069
165618
155197
169244
162069
169244
284634
158596
165618
255417
169244
158596
158596
136283
165618
148618
151872
278535
155197
145433
139267
234219
239347
261010
165618
244589
249944
158596
162069
133363
148618
249944
169244
244589
162069
136283
151872
249944
272566
162069
169244
162069
155197
158596
169244
165618
151872
130505
165618
139267
169244
151872
148618
165618
158596
142317
255417
151872
234219
155197
261010
239347
165618
151872
151872
145433
151872
151872
158596
165618
151872
155197
158596
151872
158596
284634
165618
142317
266726
142317
155197
151872
139267
169244
158596
136283
148618
165618
165618
162069
165618
162069
261010
158596
244589
148618
162069
169244
148618
155197
158596
169244
278535
145433
165618
244589
169244
261010
151872
244589
261010
151872
162069
261010
169244
165618
290866
142317
169244
162069
151872
169244
151872
239347
284634
151872
165618
155197
142317
155197
158596
151872
165618
234219
266726
133363
169244
255417
284634
162069
148618
158596
155197
169244
151872
155197
148618
151872
165618
151872
145433
148618
169244
255417
142317
155197
255417
155197
151872
169244
162069
284634
162069
244589
162069
261010
266726
155197
139267
162069
162069
169244
158596
169244
139267
158596
284634
239347
169244
151872
255417
148618
272566
158596
162069
142317
169244
162069
162069
155197
249944
297236
162069
169244
148618
261010
145433
165618
249944
165618
158596
165618
145433
169244
162069
244589
244589
142317
278535
151872
261010
165618
297236
297236
155197
151872
165618
155197
158596
162069
290866
165618
142317
169244
155197
142317
158596
169244
162069
148618
303744
142317
155197
169244
162069
151872
249944
155197
272566
249944
148618
136283
162069
148618
255417
261010
162069
145433
145433
165618
165618
165618
272566
158596
249944
165618
158596
145433
165618
290866
162069
145433
244589
162069
272566
142317
162069
229200
158596
155197
165618
165618
165618
148618
261010
284634
266726
165618
297236
165618
165618
162069
165618
158596
169244
169244
155197
169244
284634
229200
158596
249944
155197
290866
239347
169244
148618
239347
151872
255417
278535
155197
266726
145433
249944
169244
278535
158596
148618
148618
148618
139267
261010
162069
151872
162069
142317
158596
272566
165618
158596
148618
151872
249944
151872
290866
162069
169244
261010
165618
290866
255417
151872
151872
169244
162069
139267
169244
165618
272566
165618
255417
249944
266726
169244
169244
158596
139267
151872
165618
136283
169244
162069
142317
266726
169244
155197
234219
158596
284634
155197
290866
169244
145433
169244
239347
261010
255417
136283
162069
278535
158596
162069
165618
165618
169244
261010
148618
284634
255417
278535
162069
169244
145433
136283
145433
145433
158596
136283
284634
151872
158596
151872
284634
278535
165618
155197
136283
169244
261010
158596
255417
142317
244589
158596
169244
165618
155197
142317
255417
162069
158596
272566
155197
145433
244589
244589
169244
165618
255417
266726
130505
148618
155197
145433
169244
165618
151872
136283
165618
165618
165618
162069
145433
278535
272566
169244
148618
148618
169244
162069
155197
151872
255417
266726
249944
158596
162069
155197
158596
155197
165618
249944
255417
249944
142317
284634
169244
155197
169244
148618
165618
169244
169244
266726
165618
162069
249944
155197
139267
239347
169244
278535
158596
142317
148618
148618
158596
162069
151872
266726
272566
136283
162069
145433
266726
145433
158596
139267
133363
169244
151872
297236
139267
162069
155197
255417
169244
261010
278535
278535
244589
139267
162069
162069
151872
158596
158596
169244
278535
169244
162069
169244
165618
165618
151872
261010
130505
162069
169244
169244
148618
162069
162069
255417
148618
139267
165618
145433
297236
162069
148618
158596
284634
158596
158596
162069
142317
162069
261010
162069
272566
162069
158596
261010
158596
266726
148618
169244
249944
158596
145433
145433
261010
165618
266726
158596
148618
162069
290866
162069
234219
145433
158596
278535
272566
297236
165618
234219
249944
162069
158596
244589
290866
169244
261010
165618
162069
165618
249944
255417
162069
151872
169244
148618
155197
142317
255417
266726
148618
145433
148618
169244
136283
261010
169244
155197
165618
284634
266726
162069
266726
239347
145433
142317
151872
151872
165618
130505
165618
169244
145433
151872
158596
130505
239347
272566
169244
272566
162069
266726
266726
136283
255417
165618
148618
239347
139267
158596
158596
148618
165618
244589
148618
272566
142317
158596
145433
169244
151872
155197
234219
255417
165618
151872
158596
169244
142317
162069
158596
249944
162069
151872
151872
162069
151872
165618
266726
148618
148618
158596
139267
234219
169244
151872
169244
284634
148618
162069
272566
244589
272566
165618
145433
155197
261010
151872
155197
162069
266726
155197
155197
162069
249944
162069
162069
169244
272566
142317
169244
