165618
158596
165618
82809
139267
266726
151872
136283
133363
142317
151872
151872
145433
155197
155197
148618
136283
148618
155197
145433
151872
162069
162069
142317
148618
169244
155197
139267
255417
142317
158596
142317
155197
162069
255417
130505
148618
165618
162069
151872
162069
155197
158596
151872
169244
139267
139267
142317
158596
303744
155197
165618
155197
234219
165618
165618
155197
145433
139267
142317
142317
169244
155197
151872
148618
290866
130505
139267
155197
142317
155197
155197
158596
165618
158596
139267
155197
165618
155197
169244
151872
148618
151872
145433
142317
145433
136283
133363
148618
158596
249944
165618
151872
148618
124972
155197
145433
290866
130505
139267
151872
145433
130505
122294
145433
155197
158596
151872
255417
162069
162069
155197
155197
272566
142317
162069
244589
151872
165618
155197
142317
148618
158596
136283
255417
151872
249944
162069
169244
162069
142317
145433
169244
158596
266726
151872
145433
272566
142317
139267
158596
151872
142317
122294
165618
142317
139267
151872
148618
145433
165618
303744
158596
162069
169244
127708
151872
158596
158596
249944
142317
284634
148618
158596
136283
158596
151872
162069
278535
151872
142317
145433
148618
148618
148618
133363
155197
165618
139267
142317
148618
158596
266726
145433
133363
151872
158596
158596
155197
158596
145433
155197
169244
148618
155197
145433
158596
145433
148618
162069
162069
169244
169244
142317
139267
162069
151872
158596
148618
142317
266726
165618
165618
145433
142317
145433
155197
158596
151872
142317
155197
133363
148618
145433
165618
272566
169244
162069
158596
165618
151872
155197
155197
148618
151872
148618
139267
151872
148618
165618
151872
261010
165618
148618
151872
249944
148618
148618
133363
148618
169244
142317
158596
155197
148618
155197
148618
162069
145433
145433
165618
148618
148618
165618
148618
162069
145433
148618
151872
151872
272566
133363
244589
234219
169244
148618
133363
139267
165618
162069
148618
165618
162069
145433
162069
162069
162069
136283
162069
139267
272566
133363
151872
272566
155197
139267
151872
155197
139267
158596
169244
139267
155197
158596
162069
145433
145433
142317
142317
145433
124972
261010
151872
169244
136283
155197
158596
139267
145433
148618
155197
284634
151872
261010
272566
142317
162069
169244
133363
142317
162069
169244
145433
133363
84622
158596
165618
155197
165618
145433
169244
145433
148618
136283
165618
158596
169244
133363
278535
224289
130505
142317
148618
136283
151872
158596
148618
162069
239347
151872
165618
151872
136283
169244
136283
169244
169244
139267
155197
145433
155197
162069
158596
162069
130505
169244
151872
169244
169244
133363
162069
136283
151872
133363
255417
158596
155197
266726
162069
139267
162069
165618
169244
148618
169244
165618
249944
155197
148618
162069
165618
142317
139267
151872
169244
145433
148618
145433
145433
145433
151872
158596
290866
158596
148618
162069
148618
155197
158596
145433
158596
169244
261010
142317
155197
148618
148618
130505
148618
165618
142317
148618
162069
158596
142317
136283
148618
158596
165618
261010
158596
162069
158596
145433
136283
145433
155197
142317
158596
155197
165618
145433
155197
165618
162069
148618
169244
151872
155197
244589
145433
165618
261010
139267
162069
145433
148618
234219
155197
151872
136283
145433
148618
151872
155197
142317
133363
284634
145433
139267
133363
136283
244589
145433
145433
272566
272566
155197
158596
133363
145433
155197
148618
142317
158596
139267
136283
136283
145433
151872
136283
266726
158596
165618
162069
249944
136283
151872
155197
145433
284634
148618
145433
133363
142317
139267
151872
272566
139267
151872
151872
158596
155197
151872
148618
165618
151872
169244
310395
261010
169244
158596
162069
155197
165618
155197
151872
249944
165618
155197
158596
261010
145433
255417
151872
133363
158596
145433
162069
151872
155197
155197
158596
261010
139267
244589
162069
155197
142317
151872
158596
142317
165618
148618
155197
133363
136283
261010
266726
145433
148618
162069
142317
255417
136283
139267
148618
139267
142317
165618
139267
162069
148618
155197
145433
148618
155197
266726
139267
133363
151872
148618
165618
165618
142317
151872
136283
158596
148618
158596
148618
162069
139267
169244
148618
169244
148618
151872
158596
145433
122294
117109
145433
151872
124972
162069
158596
133363
148618
145433
162069
139267
278535
145433
148618
119673
165618
145433
151872
169244
155197
145433
169244
145433
155197
151872
155197
148618
158596
158596
162069
142317
155197
151872
148618
130505
249944
133363
158596
158596
142317
272566
155197
158596
249944
162069
145433
133363
139267
278535
136283
261010
284634
158596
165618
165618
165618
148618
133363
229200
127708
155197
139267
165618
158596
158596
255417
158596
145433
155197
151872
142317
155197
145433
142317
155197
145433
136283
136283
155197
148618
158596
145433
162069
169244
162069
169244
249944
139267
151872
155197
162069
145433
130505
169244
148618
158596
272566
169244
162069
162069
151872
169244
151872
169244
142317
151872
165618
155197
148618
158596
139267
249944
148618
151872
162069
133363
139267
155197
148618
155197
151872
255417
155197
165618
266726
155197
155197
148618
122294
158596
151872
165618
162069
136283
158596
145433
169244
133363
142317
272566
142317
133363
148618
155197
155197
165618
155197
266726
249944
136283
142317
139267
169244
158596
169244
145433
148618
165618
162069
158596
158596
155197
169244
142317
255417
142317
148618
136283
158596
169244
133363
145433
151872
136283
151872
145433
145433
145433
148618
162069
139267
151872
142317
136283
165618
151872
162069
148618
139267
136283
165618
148618
158596
124972
136283
133363
148618
148618
169244
148618
145433
145433
136283
142317
162069
151872
145433
155197
155197
165618
155197
151872
165618
162069
145433
284634
155197
136283
151872
162069
148618
145433
148618
162069
148618
127708
151872
139267
145433
151872
142317
162069
151872
151872
158596
145433
169244
142317
142317
158596
158596
142317
162069
139267
169244
158596
142317
136283
169244
162069
148618
145433
142317
278535
142317
142317
162069
142317
165618
148618
158596
139267
133363
136283
169244
151872
155197
133363
155197
158596
130505
234219
145433
155197
142317
139267
145433
130505
162069
165618
145433
151872
136283
165618
145433
136283
124972
133363
139267
139267
151872
142317
158596
169244
139267
255417
145433
148618
151872
117109
162069
266726
158596
139267
239347
165618
151872
133363
151872
127708
165618
151872
155197
162069
145433
133363
151872
266726
155197
151872
284634
155197
148618
139267
136283
162069
158596
145433
151872
165618
162069
158596
155197
145433
142317
158596
145433
142317
145433
148618
145433
142317
139267
148618
145433
162069
142317
148618
261010
158596
151872
158596
142317
151872
162069
155197
142317
145433
148618
136283
244589
136283
145433
151872
272566
155197
148618
162069
278535
158596
155197
158596
148618
151872
151872
145433
127708
148618
142317
249944
165618
148618
162069
151872
158596
255417
169244
266726
148618
