165618
272566
158596
145433
158596
169244
151872
317192
169244
148618
261010
155197
165618
165618
169244
145433
158596
158596
249944
145433
148618
136283
155197
151872
169244
303744
165618
155197
165618
158596
169244
162069
165618
278535
162069
169244
124972
136283
162069
162069
139267
151872
136283
139267
155197
151872
158596
278535
151872
148618
151872
155197
165618
249944
155197
249944
151872
142317
155197
136283
158596
162069
155197
169244
162069
261010
244589
139267
162069
139267
133363
155197
145433
162069
158596
158596
139267
133363
169244
151872
162069
142317
162069
142317
151872
165618
162069
142317
165618
136283
169244
169244
169244
130505
169244
151872
145433
155197
239347
145433
162069
148618
272566
158596
162069
145433
158596
124972
148618
169244
142317
148618
158596
169244
239347
155197
162069
284634
158596
266726
162069
148618
162069
234219
155197
162069
151872
155197
165618
136283
148618
261010
266726
145433
284634
155197
145433
165618
151872
284634
151872
148618
145433
158596
284634
148618
255417
169244
162069
136283
284634
155197
151872
158596
139267
261010
278535
142317
148618
244589
151872
127708
255417
229200
158596
158596
148618
255417
169244
145433
244589
165618
165618
249944
145433
142317
145433
165618
162069
244589
165618
158596
158596
255417
284634
272566
133363
165618
169244
158596
158596
261010
244589
165618
155197
165618
155197
155197
133363
158596
145433
148618
162069
297236
155197
162069
239347
158596
165618
284634
139267
261010
169244
151872
158596
148618
255417
249944
158596
169244
249944
272566
133363
158596
136283
244589
165618
169244
124972
266726
151872
284634
136283
165618
169244
266726
148618
162069
142317
151872
162069
234219
145433
165618
158596
266726
165618
133363
145433
229200
169244
169244
133363
162069
139267
155197
165618
139267
148618
148618
155197
169244
148618
142317
148618
151872
290866
151872
255417
145433
261010
151872
266726
165618
151872
139267
158596
145433
151872
151872
310395
303744
249944
249944
136283
151872
148618
139267
151872
162069
261010
165618
162069
158596
162069
165618
169244
162069
162069
148618
142317
158596
162069
162069
169244
266726
148618
169244
165618
162069
158596
169244
136283
165618
158596
148618
158596
142317
151872
139267
266726
145433
244589
234219
272566
155197
261010
158596
162069
158596
148618
151872
145433
148618
162069
145433
165618
169244
165618
169244
148618
151872
151872
165618
158596
139267
155197
261010
169244
142317
261010
158596
261010
145433
165618
148618
158596
165618
272566
148618
284634
145433
272566
148618
155197
151872
151872
165618
169244
145433
272566
151872
155197
158596
261010
151872
158596
155197
139267
169244
151872
165618
151872
155197
158596
155197
142317
162069
255417
239347
169244
158596
148618
266726
261010
155197
151872
255417
139267
145433
234219
162069
151872
155197
151872
165618
158596
139267
158596
162069
162069
165618
136283
310395
165618
266726
249944
158596
244589
165618
169244
158596
148618
162069
255417
255417
148618
124972
136283
229200
145433
133363
297236
162069
165618
158596
169244
249944
165618
145433
244589
158596
139267
145433
165618
145433
169244
165618
136283
148618
142317
266726
162069
139267
162069
145433
155197
278535
162069
169244
261010
162069
145433
145433
155197
127708
151872
148618
162069
151872
148618
136283
239347
158596
169244
148618
139267
148618
249944
145433
139267
158596
165618
148618
266726
148618
155197
244589
142317
162069
136283
169244
158596
162069
145433
148618
148618
151872
155197
142317
151872
165618
162069
266726
142317
151872
165618
162069
162069
224289
151872
133363
162069
158596
261010
142317
148618
139267
244589
151872
162069
169244
142317
158596
139267
284634
162069
234219
165618
165618
169244
165618
165618
165618
155197
145433
136283
266726
155197
151872
169244
142317
284634
155197
148618
165618
162069
145433
151872
162069
165618
142317
151872
145433
151872
148618
158596
261010
162069
162069
142317
266726
151872
148618
229200
155197
165618
266726
155197
139267
249944
151872
165618
148618
162069
139267
158596
148618
162069
165618
165618
158596
142317
145433
148618
145433
155197
284634
169244
151872
261010
255417
145433
139267
165618
255417
278535
272566
162069
219483
162069
165618
142317
169244
145433
155197
169244
261010
136283
261010
278535
139267
130505
284634
297236
145433
148618
169244
162069
145433
261010
255417
139267
165618
151872
145433
142317
155197
165618
142317
148618
162069
151872
229200
162069
155197
139267
249944
169244
133363
158596
158596
158596
244589
139267
169244
169244
266726
148618
136283
155197
155197
151872
155197
148618
249944
272566
239347
155197
155197
155197
255417
255417
169244
151872
148618
165618
145433
151872
155197
148618
142317
139267
169244
155197
130505
261010
278535
145433
165618
261010
158596
158596
142317
255417
139267
162069
162069
278535
151872
162069
148618
169244
139267
155197
151872
169244
255417
266726
158596
133363
155197
162069
266726
162069
255417
162069
145433
142317
239347
145433
145433
151872
162069
162069
165618
155197
261010
139267
272566
158596
151872
148618
278535
158596
278535
162069
142317
155197
145433
145433
155197
162069
148618
162069
249944
151872
155197
165618
162069
155197
165618
165618
148618
165618
169244
148618
158596
165618
229200
155197
130505
139267
169244
169244
155197
169244
148618
261010
145433
169244
145433
266726
261010
169244
145433
139267
261010
139267
155197
158596
165618
278535
272566
151872
158596
169244
162069
162069
142317
148618
155197
155197
148618
151872
155197
155197
162069
155197
272566
151872
151872
169244
142317
255417
148618
148618
261010
145433
142317
266726
169244
136283
145433
139267
148618
162069
272566
130505
158596
155197
169244
148618
255417
224289
151872
158596
151872
142317
155197
148618
169244
145433
169244
148618
162069
158596
155197
145433
151872
261010
155197
165618
244589
142317
155197
249944
165618
278535
266726
145433
151872
142317
148618
151872
162069
158596
158596
145433
272566
148618
249944
165618
158596
165618
145433
155197
162069
155197
278535
139267
145433
249944
151872
145433
139267
169244
151872
158596
136283
272566
162069
169244
145433
139267
133363
142317
165618
145433
158596
155197
162069
155197
142317
145433
148618
158596
155197
244589
158596
158596
219483
244589
169244
142317
158596
162069
169244
142317
165618
162069
158596
145433
266726
155197
155197
162069
162069
255417
158596
165618
151872
148618
145433
158596
151872
224289
148618
145433
151872
145433
266726
169244
155197
142317
165618
151872
145433
145433
290866
158596
165618
169244
158596
155197
249944
142317
249944
162069
165618
266726
130505
136283
155197
165618
155197
155197
165618
142317
155197
255417
266726
151872
162069
290866
148618
169244
255417
136283
145433
169244
151872
151872
261010
148618
155197
145433
155197
139267
151872
142317
133363
148618
266726
151872
148618
249944
158596
139267
139267
142317
148618
148618
155197
158596
151872
155197
266726
155197
165618
162069
148618
148618
162069
142317
169244
155197
84622
145433
139267
