142317
151872
148618
151872
151872
151872
145433
130505
151872
133363
133363
155197
119673
136283
155197
151872
142317
169244
165618
145433
148618
142317
148618
151872
244589
155197
148618
133363
165618
148618
165618
145433
127708
148618
158596
162069
162069
145433
133363
133363
297236
133363
148618
148618
145433
133363
148618
158596
139267
130505
139267
130505
278535
158596
165618
145433
169244
158596
151872
136283
142317
81034
130505
155197
139267
158596
155197
148618
151872
124972
142317
165618
272566
155197
151872
165618
133363
151872
127708
145433
127708
155197
136283
142317
151872
145433
142317
266726
151872
145433
133363
145433
284634
139267
142317
145433
239347
139267
169244
249944
142317
169244
169244
139267
162069
130505
148618
145433
130505
151872
148618
130505
169244
148618
142317
139267
139267
151872
165618
136283
162069
266726
155197
136283
169244
155197
148618
151872
162069
139267
133363
148618
142317
124972
155197
158596
162069
165618
158596
84622
148618
162069
136283
145433
133363
151872
145433
155197
142317
130505
162069
158596
142317
155197
145433
130505
148618
158596
148618
142317
162069
155197
136283
155197
155197
151872
165618
165618
158596
127708
136283
158596
158596
142317
148618
136283
139267
165618
133363
139267
139267
130505
145433
133363
145433
130505
155197
142317
142317
142317
136283
139267
142317
266726
133363
151872
158596
133363
162069
155197
165618
158596
139267
139267
130505
165618
169244
139267
145433
169244
151872
136283
151872
127708
239347
162069
142317
165618
145433
155197
119673
151872
139267
165618
151872
155197
151872
165618
130505
151872
142317
130505
158596
130505
130505
127708
162069
145433
145433
155197
155197
155197
145433
142317
139267
151872
155197
133363
127708
136283
155197
272566
158596
151872
162069
158596
148618
169244
151872
145433
151872
155197
145433
142317
169244
145433
158596
155197
145433
239347
151872
158596
155197
255417
249944
162069
139267
148618
165618
133363
151872
158596
151872
130505
162069
139267
145433
145433
151872
162069
151872
278535
234219
119673
136283
151872
148618
139267
136283
130505
139267
148618
142317
148618
266726
145433
155197
130505
145433
130505
145433
142317
155197
169244
77598
119673
148618
142317
162069
84622
162069
148618
142317
148618
151872
155197
136283
165618
169244
148618
158596
142317
145433
155197
142317
169244
148618
133363
162069
133363
151872
162069
145433
151872
139267
151872
139267
136283
284634
169244
165618
162069
136283
136283
155197
165618
142317
169244
142317
148618
151872
169244
145433
162069
139267
130505
261010
148618
162069
136283
151872
169244
142317
142317
255417
169244
142317
139267
151872
145433
148618
148618
142317
139267
127708
145433
124972
142317
165618
142317
155197
133363
145433
158596
155197
142317
139267
136283
148618
139267
162069
127708
158596
165618
169244
127708
133363
136283
155197
151872
136283
261010
148618
130505
148618
151872
169244
148618
151872
142317
148618
148618
142317
133363
158596
136283
127708
136283
169244
130505
165618
151872
266726
148618
133363
142317
84622
130505
151872
249944
169244
158596
145433
142317
151872
148618
297236
142317
130505
165618
158596
145433
142317
145433
136283
155197
142317
155197
158596
151872
133363
142317
139267
244589
142317
148618
158596
158596
158596
136283
162069
155197
145433
151872
155197
151872
136283
136283
136283
136283
165618
133363
155197
136283
133363
148618
278535
139267
145433
239347
155197
133363
133363
127708
244589
136283
151872
145433
142317
145433
122294
165618
148618
155197
145433
136283
162069
165618
162069
151872
255417
139267
136283
127708
145433
151872
145433
162069
148618
136283
151872
84622
133363
82809
145433
136283
151872
151872
148618
155197
148618
136283
255417
139267
169244
151872
142317
142317
142317
145433
133363
139267
136283
145433
169244
162069
162069
158596
158596
145433
142317
145433
130505
148618
158596
155197
136283
165618
151872
169244
169244
145433
145433
158596
139267
130505
158596
136283
145433
142317
133363
139267
148618
162069
155197
130505
151872
145433
133363
145433
136283
169244
158596
169244
145433
142317
278535
142317
158596
148618
155197
133363
148618
148618
133363
165618
272566
148618
151872
151872
145433
142317
145433
165618
148618
145433
133363
148618
165618
142317
142317
151872
145433
142317
124972
145433
136283
165618
151872
162069
136283
130505
145433
165618
165618
162069
142317
136283
148618
151872
158596
136283
158596
151872
139267
148618
139267
284634
151872
158596
145433
114600
162069
151872
139267
79298
255417
142317
139267
158596
155197
145433
145433
155197
151872
145433
162069
148618
130505
142317
165618
158596
136283
158596
151872
148618
148618
148618
139267
155197
139267
148618
151872
139267
142317
162069
169244
151872
169244
136283
234219
155197
151872
155197
142317
255417
139267
155197
162069
145433
139267
130505
145433
136283
169244
151872
145433
142317
139267
155197
136283
151872
158596
261010
124972
139267
148618
145433
155197
148618
136283
122294
127708
142317
148618
142317
148618
145433
127708
139267
165618
130505
148618
239347
148618
249944
145433
162069
155197
272566
158596
158596
145433
158596
151872
229200
162069
145433
136283
155197
122294
148618
142317
165618
133363
142317
145433
151872
155197
145433
148618
133363
239347
151872
136283
162069
136283
165618
151872
148618
127708
148618
133363
133363
158596
155197
145433
148618
272566
151872
136283
145433
130505
82809
142317
145433
169244
255417
151872
139267
127708
158596
145433
139267
145433
145433
139267
151872
136283
169244
151872
139267
158596
148618
158596
151872
155197
145433
133363
136283
151872
136283
165618
169244
148618
148618
155197
162069
136283
158596
169244
155197
145433
151872
155197
169244
145433
148618
145433
249944
155197
162069
155197
169244
142317
162069
139267
145433
249944
162069
139267
142317
158596
133363
162069
148618
133363
155197
155197
151872
127708
165618
165618
148618
158596
162069
155197
158596
151872
142317
158596
148618
136283
139267
151872
145433
151872
133363
155197
139267
155197
148618
142317
162069
151872
148618
162069
158596
158596
162069
155197
145433
158596
139267
145433
162069
139267
130505
139267
162069
139267
162069
151872
139267
139267
249944
165618
158596
162069
148618
155197
145433
148618
155197
162069
169244
139267
139267
148618
145433
142317
165618
139267
145433
145433
139267
169244
148618
261010
151872
162069
139267
151872
130505
136283
158596
148618
158596
162069
133363
136283
124972
249944
162069
148618
139267
148618
130505
155197
130505
148618
155197
136283
139267
155197
165618
139267
136283
155197
145433
162069
136283
155197
133363
139267
151872
124972
158596
142317
142317
148618
151872
139267
165618
142317
151872
136283
162069
158596
136283
136283
162069
151872
130505
136283
127708
151872
162069
145433
155197
136283
162069
130505
130505
158596
151872
136283
145433
148618
142317
136283
148618
136283
127708
148618
133363
142317
133363
151872
148618
158596
142317
162069
162069
158596
148618
145433
158596
148618
158596
