151872
266726
290866
158596
272566
244589
165618
169244
317192
284634
169244
261010
261010
255417
244589
165618
249944
158596
261010
303744
310395
261010
158596
255417
234219
151872
151872
162069
162069
169244
272566
261010
151872
148618
148618
284634
266726
84622
169244
261010
148618
284634
266726
165618
249944
155197
278535
261010
169244
165618
244589
165618
249944
261010
278535
162069
266726
261010
297236
158596
155197
297236
290866
261010
266726
158596
266726
284634
266726
142317
272566
266726
165618
151872
272566
266726
165618
162069
169244
284634
169244
249944
158596
297236
158596
317192
165618
162069
158596
155197
297236
261010
169244
239347
266726
162069
155197
155197
151872
297236
290866
266726
169244
148618
158596
290866
261010
255417
155197
151872
284634
158596
278535
162069
165618
151872
272566
151872
151872
278535
249944
284634
310395
249944
142317
142317
155197
278535
261010
165618
310395
278535
317192
169244
224289
261010
165618
148618
155197
297236
165618
266726
158596
272566
261010
266726
169244
169244
249944
165618
310395
278535
272566
278535
169244
142317
162069
239347
165618
151872
162069
284634
266726
272566
169244
155197
155197
266726
165618
169244
284634
145433
261010
261010
255417
234219
284634
169244
284634
165618
169244
158596
165618
290866
249944
169244
249944
148618
169244
165618
272566
158596
317192
155197
165618
278535
266726
169244
278535
169244
158596
158596
169244
261010
290866
169244
255417
255417
162069
297236
284634
278535
255417
229200
272566
290866
255417
261010
148618
255417
155197
162069
151872
162069
272566
151872
151872
284634
148618
162069
266726
290866
278535
303744
165618
169244
169244
162069
169244
272566
266726
158596
219483
165618
162069
244589
255417
261010
139267
261010
234219
165618
158596
255417
244589
249944
303744
261010
151872
151872
234219
290866
169244
151872
261010
162069
158596
278535
158596
158596
297236
272566
266726
145433
317192
145433
155197
162069
255417
278535
158596
165618
266726
272566
284634
165618
249944
266726
162069
266726
290866
272566
155197
261010
155197
169244
148618
169244
290866
155197
272566
272566
278535
290866
261010
249944
261010
278535
145433
155197
169244
169244
165618
290866
169244
272566
169244
266726
244589
151872
158596
165618
249944
142317
136283
158596
165618
303744
158596
169244
162069
158596
255417
278535
162069
272566
261010
272566
165618
169244
261010
278535
155197
165618
266726
162069
165618
162069
165618
165618
261010
169244
162069
255417
284634
278535
284634
266726
255417
151872
290866
165618
165618
255417
261010
284634
266726
169244
142317
148618
290866
272566
169244
261010
169244
261010
155197
169244
290866
290866
297236
151872
255417
249944
284634
290866
155197
145433
162069
255417
317192
278535
169244
169244
155197
255417
284634
155197
249944
284634
165618
255417
278535
255417
272566
165618
261010
249944
255417
278535
169244
249944
284634
261010
255417
239347
165618
169244
261010
303744
278535
261010
229200
290866
284634
151872
148618
244589
234219
162069
272566
290866
249944
244589
244589
272566
290866
284634
278535
151872
169244
158596
261010
151872
158596
169244
234219
169244
155197
278535
255417
303744
255417
255417
165618
290866
284634
158596
169244
255417
162069
255417
165618
278535
255417
169244
278535
165618
145433
151872
151872
261010
278535
284634
162069
145433
297236
255417
158596
244589
249944
158596
148618
151872
261010
169244
169244
169244
165618
165618
266726
266726
151872
155197
284634
261010
255417
158596
284634
169244
169244
255417
266726
165618
272566
158596
151872
148618
278535
165618
165618
261010
155197
158596
162069
162069
169244
261010
169244
148618
158596
148618
169244
261010
278535
266726
162069
255417
261010
169244
234219
272566
284634
158596
284634
165618
261010
162069
142317
151872
169244
261010
155197
155197
261010
151872
169244
158596
266726
284634
162069
278535
272566
145433
266726
255417
278535
165618
162069
272566
162069
261010
169244
158596
266726
244589
165618
266726
148618
165618
290866
278535
255417
261010
266726
278535
169244
151872
249944
234219
290866
165618
169244
266726
151872
158596
158596
155197
169244
290866
169244
266726
290866
162069
317192
162069
244589
169244
165618
151872
158596
165618
244589
266726
290866
148618
255417
244589
165618
162069
284634
155197
139267
155197
284634
266726
169244
266726
165618
255417
297236
155197
297236
158596
162069
165618
151872
169244
151872
272566
169244
261010
266726
169244
158596
317192
278535
158596
278535
297236
158596
261010
162069
162069
169244
158596
148618
158596
162069
297236
297236
284634
278535
145433
261010
165618
278535
158596
303744
158596
261010
155197
278535
310395
158596
255417
151872
151872
162069
169244
162069
162069
169244
169244
297236
169244
162069
278535
145433
284634
158596
290866
162069
290866
148618
297236
249944
255417
272566
158596
162069
278535
169244
234219
169244
162069
297236
310395
249944
162069
169244
165618
261010
158596
158596
266726
165618
272566
169244
165618
244589
249944
249944
266726
162069
158596
165618
224289
169244
284634
261010
158596
278535
169244
158596
155197
278535
165618
162069
272566
272566
169244
290866
162069
249944
272566
162069
165618
317192
151872
249944
158596
290866
155197
278535
255417
255417
158596
239347
255417
169244
169244
169244
165618
255417
165618
278535
148618
272566
162069
284634
169244
158596
162069
155197
234219
234219
162069
244589
169244
162069
151872
158596
158596
239347
303744
151872
261010
158596
162069
158596
229200
169244
249944
284634
261010
278535
165618
145433
272566
169244
169244
139267
266726
278535
169244
165618
272566
162069
148618
266726
272566
272566
284634
158596
148618
162069
148618
162069
229200
272566
261010
165618
162069
249944
169244
261010
272566
158596
165618
266726
261010
255417
151872
234219
234219
239347
162069
239347
255417
162069
278535
255417
290866
249944
272566
272566
165618
165618
297236
278535
169244
278535
290866
261010
266726
255417
266726
155197
165618
261010
162069
272566
310395
272566
266726
249944
158596
162069
255417
278535
162069
239347
162069
162069
162069
284634
148618
255417
284634
145433
272566
249944
255417
261010
303744
266726
244589
148618
155197
169244
297236
169244
148618
284634
162069
158596
266726
155197
261010
151872
278535
169244
261010
145433
266726
255417
272566
151872
169244
255417
244589
142317
317192
169244
169244
151872
266726
162069
169244
278535
290866
272566
151872
272566
158596
272566
148618
151872
169244
162069
229200
272566
266726
266726
272566
249944
165618
278535
303744
162069
151872
169244
169244
165618
278535
169244
169244
165618
169244
234219
169244
266726
303744
303744
266726
169244
151872
278535
244589
278535
284634
239347
266726
162069
290866
162069
266726
261010
151872
255417
244589
155197
155197
272566
290866
234219
239347
261010
165618
317192
169244
165618
310395
284634
272566
229200
155197
278535
145433
155197
142317
158596
261010
169244
266726
165618
169244
165618
266726
239347
155197
169244
261010
162069
165618
162069
169244
284634
169244
