82809
139267
151872
133363
136283
151872
133363
158596
139267
127708
142317
139267
133363
162069
145433
84622
142317
139267
151872
142317
136283
133363
142317
72716
148618
130505
139267
117109
148618
130505
133363
124972
151872
148618
139267
133363
145433
133363
124972
124972
139267
139267
151872
130505
139267
162069
133363
142317
139267
133363
81034
145433
148618
148618
84622
139267
127708
151872
127708
139267
142317
127708
133363
139267
142317
84622
77598
82809
148618
130505
142317
142317
130505
148618
169244
145433
130505
127708
142317
148618
151872
136283
139267
127708
151872
155197
142317
136283
133363
155197
151872
142317
136283
82809
151872
151872
130505
122294
133363
133363
151872
84622
155197
130505
148618
133363
122294
155197
136283
136283
148618
81034
151872
145433
139267
151872
119673
130505
278535
124972
82809
130505
139267
151872
127708
133363
136283
139267
127708
162069
148618
136283
136283
127708
139267
148618
148618
81034
133363
145433
142317
244589
151872
127708
142317
82809
127708
133363
139267
148618
145433
155197
124972
151872
79298
139267
136283
145433
148618
139267
142317
162069
142317
158596
139267
84622
142317
142317
136283
139267
139267
84622
142317
158596
84622
79298
124972
145433
145433
124972
75936
124972
145433
136283
162069
130505
136283
133363
145433
136283
139267
133363
130505
145433
127708
142317
142317
84622
82809
142317
139267
139267
142317
130505
84622
81034
127708
133363
148618
142317
122294
142317
136283
145433
84622
133363
165618
127708
139267
139267
124972
151872
136283
155197
84622
136283
136283
130505
124972
255417
142317
151872
127708
133363
142317
81034
136283
136283
127708
77598
155197
145433
81034
136283
133363
142317
142317
142317
127708
139267
130505
142317
162069
142317
142317
130505
133363
148618
145433
130505
151872
136283
142317
145433
136283
127708
155197
136283
139267
136283
158596
136283
139267
136283
84622
148618
162069
127708
151872
133363
162069
145433
151872
81034
151872
145433
136283
130505
145433
165618
119673
162069
139267
136283
151872
130505
148618
155197
145433
127708
130505
124972
127708
133363
130505
75936
145433
74309
133363
130505
136283
145433
122294
136283
136283
133363
142317
142317
151872
124972
124972
142317
145433
145433
148618
142317
155197
148618
142317
142317
162069
145433
136283
142317
155197
136283
158596
79298
148618
124972
145433
139267
133363
148618
142317
139267
158596
151872
130505
158596
151872
139267
151872
139267
136283
124972
136283
136283
127708
133363
136283
145433
82809
133363
124972
151872
117109
162069
155197
142317
145433
139267
136283
148618
142317
162069
136283
139267
151872
145433
136283
127708
130505
145433
148618
151872
148618
145433
112144
84622
145433
82809
155197
151872
145433
142317
139267
139267
139267
148618
81034
127708
145433
145433
136283
158596
82809
139267
145433
151872
155197
117109
136283
130505
79298
84622
142317
122294
151872
148618
145433
130505
148618
133363
148618
151872
136283
133363
148618
133363
124972
130505
79298
255417
148618
127708
148618
136283
133363
148618
84622
145433
162069
136283
145433
133363
133363
142317
151872
81034
145433
145433
130505
151872
155197
74309
145433
133363
142317
155197
124972
145433
148618
162069
139267
130505
122294
148618
136283
114600
142317
155197
139267
133363
124972
124972
139267
136283
142317
127708
142317
139267
79298
151872
136283
148618
133363
139267
142317
79298
142317
142317
127708
130505
75936
130505
139267
139267
145433
162069
142317
136283
145433
155197
84622
142317
130505
145433
139267
151872
155197
142317
155197
148618
139267
130505
165618
148618
139267
81034
148618
145433
133363
142317
139267
142317
130505
162069
139267
142317
151872
136283
139267
130505
119673
84622
127708
148618
77598
79298
151872
130505
114600
82809
84622
124972
145433
133363
133363
82809
84622
133363
139267
136283
81034
151872
136283
130505
151872
151872
122294
142317
79298
84622
77598
145433
155197
142317
84622
155197
130505
139267
136283
136283
151872
151872
124972
151872
151872
145433
145433
139267
84622
130505
82809
124972
139267
142317
145433
81034
136283
145433
136283
84622
84622
155197
81034
158596
82809
158596
148618
139267
148618
155197
139267
77598
133363
145433
145433
133363
82809
136283
139267
133363
148618
148618
84622
79298
130505
142317
136283
139267
151872
136283
145433
124972
82809
136283
162069
127708
142317
130505
142317
124972
130505
145433
136283
155197
133363
130505
162069
151872
142317
82809
162069
81034
145433
155197
142317
74309
139267
155197
136283
142317
127708
133363
136283
162069
133363
155197
151872
142317
74309
139267
81034
139267
165618
139267
139267
145433
136283
142317
84622
261010
142317
142317
158596
82809
148618
155197
136283
84622
148618
127708
130505
142317
145433
148618
162069
142317
151872
139267
155197
139267
142317
136283
165618
142317
130505
124972
142317
148618
136283
79298
151872
130505
127708
142317
255417
148618
81034
82809
124972
82809
155197
119673
145433
148618
133363
136283
124972
148618
82809
162069
130505
142317
158596
158596
151872
130505
82809
117109
130505
130505
82809
82809
136283
77598
139267
84622
136283
127708
119673
124972
130505
82809
82809
142317
148618
151872
148618
142317
158596
148618
136283
158596
151872
127708
130505
136283
155197
119673
124972
148618
142317
127708
130505
142317
142317
145433
130505
145433
165618
139267
82809
151872
127708
148618
84622
119673
142317
142317
142317
148618
151872
139267
145433
165618
145433
145433
119673
82809
130505
139267
82809
136283
130505
84622
145433
145433
142317
136283
136283
139267
130505
130505
136283
145433
162069
84622
124972
122294
139267
82809
124972
142317
148618
145433
124972
142317
151872
124972
169244
84622
84622
84622
155197
158596
142317
142317
145433
84622
130505
136283
151872
142317
84622
145433
127708
139267
155197
145433
81034
130505
145433
142317
133363
151872
136283
148618
133363
155197
162069
148618
136283
145433
122294
84622
124972
148618
142317
139267
136283
142317
145433
119673
84622
145433
139267
81034
81034
84622
151872
127708
130505
145433
158596
148618
148618
158596
145433
148618
127708
165618
81034
139267
124972
133363
155197
133363
148618
155197
145433
148618
130505
142317
158596
145433
82809
142317
148618
136283
136283
117109
133363
124972
142317
165618
133363
139267
145433
155197
133363
136283
133363
142317
130505
165618
124972
148618
145433
130505
145433
77598
133363
148618
148618
133363
139267
79298
162069
136283
84622
155197
133363
142317
155197
158596
127708
142317
84622
139267
142317
145433
133363
151872
84622
136283
142317
145433
81034
139267
142317
145433
136283
145433
124972
133363
162069
145433
136283
145433
133363
158596
148618
139267
139267
169244
122294
124972
130505
155197
139267
142317
145433
155197
151872
145433
142317
148618
124972
139267
77598
148618
165618
155197
124972
133363
145433
151872
142317
84622
148618
145433
127708
155197
151872
124972
145433
81034
