148618
139267
148618
136283
165618
142317
136283
136283
165618
155197
148618
139267
142317
136283
142317
151872
84622
139267
142317
133363
133363
139267
151872
136283
155197
127708
142317
119673
151872
136283
155197
136283
155197
130505
158596
158596
148618
139267
139267
127708
162069
155197
130505
148618
151872
169244
145433
151872
148618
158596
130505
145433
145433
145433
139267
127708
142317
145433
139267
145433
81034
127708
151872
151872
119673
155197
145433
136283
165618
130505
82809
136283
158596
133363
142317
136283
142317
139267
142317
155197
145433
158596
142317
136283
145433
145433
148618
165618
148618
148618
124972
139267
148618
139267
155197
158596
142317
145433
139267
155197
155197
145433
158596
136283
151872
139267
145433
136283
136283
155197
136283
148618
139267
148618
148618
151872
148618
127708
139267
139267
151872
139267
142317
142317
139267
133363
122294
145433
136283
155197
145433
148618
158596
142317
145433
142317
133363
148618
151872
148618
133363
136283
145433
142317
122294
169244
127708
136283
151872
148618
158596
142317
151872
142317
133363
142317
145433
158596
139267
151872
79298
142317
84622
148618
155197
84622
151872
142317
127708
162069
142317
165618
124972
133363
142317
136283
145433
165618
148618
136283
148618
127708
151872
155197
142317
133363
145433
130505
151872
142317
139267
139267
158596
133363
130505
84622
130505
148618
145433
139267
148618
130505
151872
145433
142317
117109
142317
82809
155197
142317
261010
124972
142317
133363
84622
139267
151872
145433
130505
155197
133363
136283
303744
142317
148618
133363
142317
139267
151872
133363
133363
136283
130505
155197
142317
139267
151872
133363
136283
148618
133363
158596
158596
139267
155197
151872
249944
165618
136283
151872
127708
136283
145433
127708
127708
162069
142317
142317
139267
136283
130505
133363
148618
136283
130505
139267
148618
155197
155197
165618
145433
151872
148618
158596
148618
124972
158596
124972
127708
139267
130505
136283
266726
148618
155197
151872
145433
151872
155197
278535
142317
145433
142317
155197
81034
136283
145433
142317
155197
142317
169244
142317
148618
145433
148618
158596
155197
142317
133363
133363
139267
145433
139267
145433
145433
136283
130505
133363
130505
136283
139267
148618
145433
148618
133363
136283
124972
148618
162069
249944
142317
133363
255417
119673
165618
139267
148618
142317
127708
272566
142317
142317
162069
155197
136283
122294
151872
82809
142317
278535
82809
142317
158596
133363
117109
130505
139267
151872
158596
165618
139267
133363
142317
145433
151872
148618
142317
261010
145433
148618
145433
148618
130505
155197
136283
297236
158596
266726
124972
130505
155197
142317
136283
158596
162069
151872
145433
165618
139267
148618
145433
151872
169244
158596
122294
155197
151872
151872
148618
145433
145433
136283
148618
158596
142317
142317
148618
145433
151872
142317
151872
145433
148618
136283
142317
158596
148618
130505
82809
142317
127708
139267
142317
130505
130505
151872
249944
155197
130505
151872
136283
151872
142317
136283
84622
145433
127708
151872
158596
136283
136283
145433
122294
84622
145433
155197
148618
84622
133363
151872
130505
139267
130505
124972
142317
133363
158596
139267
142317
130505
148618
139267
112144
162069
133363
155197
151872
142317
142317
139267
139267
124972
155197
136283
148618
130505
239347
142317
142317
139267
151872
151872
130505
151872
155197
139267
139267
255417
136283
136283
133363
145433
169244
142317
124972
130505
142317
148618
155197
148618
158596
155197
148618
136283
158596
162069
158596
155197
151872
136283
139267
169244
124972
139267
266726
133363
130505
165618
142317
136283
151872
151872
142317
158596
84622
162069
119673
136283
142317
133363
148618
145433
124972
142317
155197
148618
136283
151872
165618
148618
151872
158596
145433
148618
139267
142317
142317
139267
127708
151872
151872
130505
127708
145433
148618
151872
151872
136283
162069
142317
162069
290866
155197
133363
139267
169244
133363
145433
148618
142317
81034
155197
145433
151872
148618
142317
133363
145433
151872
162069
136283
155197
127708
133363
142317
136283
139267
133363
130505
148618
148618
139267
139267
148618
136283
162069
130505
130505
133363
124972
139267
148618
148618
169244
165618
169244
119673
155197
122294
127708
155197
136283
151872
155197
145433
145433
155197
145433
82809
139267
165618
169244
145433
142317
136283
158596
148618
142317
162069
151872
124972
82809
148618
158596
162069
155197
136283
142317
130505
148618
142317
151872
139267
148618
130505
142317
151872
151872
139267
136283
133363
145433
82809
155197
127708
127708
155197
148618
133363
84622
139267
142317
84622
148618
158596
151872
151872
162069
84622
148618
151872
127708
162069
165618
158596
151872
127708
139267
155197
133363
145433
136283
130505
133363
142317
139267
148618
133363
142317
127708
148618
133363
151872
158596
133363
151872
165618
151872
139267
165618
145433
139267
162069
169244
249944
133363
136283
127708
142317
162069
142317
136283
133363
151872
133363
151872
139267
136283
148618
82809
139267
142317
136283
119673
124972
127708
158596
148618
145433
148618
151872
133363
145433
145433
148618
81034
148618
158596
84622
165618
139267
139267
145433
139267
162069
151872
122294
142317
139267
130505
145433
136283
82809
151872
145433
133363
139267
133363
82809
142317
136283
139267
142317
84622
127708
151872
142317
155197
142317
142317
139267
133363
165618
261010
139267
142317
136283
133363
124972
148618
148618
158596
142317
117109
139267
142317
139267
142317
145433
127708
148618
82809
139267
133363
145433
136283
148618
139267
139267
139267
139267
84622
133363
162069
136283
122294
145433
148618
148618
158596
145433
133363
84622
142317
165618
142317
151872
158596
155197
84622
81034
151872
145433
142317
84622
133363
162069
139267
151872
142317
272566
139267
133363
142317
158596
119673
142317
142317
142317
169244
151872
133363
136283
151872
130505
162069
145433
79298
145433
145433
130505
158596
133363
130505
151872
165618
148618
155197
158596
145433
136283
142317
151872
145433
130505
148618
155197
145433
136283
139267
162069
133363
151872
81034
148618
158596
148618
142317
145433
81034
130505
155197
136283
82809
130505
130505
148618
136283
133363
145433
84622
139267
155197
148618
136283
130505
148618
122294
136283
124972
151872
139267
145433
136283
136283
133363
148618
133363
139267
133363
234219
158596
133363
133363
158596
139267
148618
145433
142317
133363
145433
148618
158596
127708
165618
133363
133363
145433
151872
148618
127708
151872
148618
148618
148618
145433
145433
124972
145433
148618
158596
84622
165618
84622
139267
117109
136283
158596
142317
139267
130505
145433
158596
148618
139267
139267
145433
133363
261010
155197
148618
130505
142317
151872
124972
84622
136283
142317
158596
158596
130505
155197
133363
127708
127708
136283
136283
139267
169244
139267
151872
82809
151872
151872
133363
142317
148618
130505
142317
139267
139267
148618
130505
127708
136283
142317
142317
130505
155197
139267
