317192
290866
278535
284634
278535
278535
272566
303744
278535
148618
162069
290866
303744
303744
261010
290866
290866
249944
458400
324138
261010
284634
297236
338489
255417
261010
278535
290866
310395
266726
255417
284634
317192
261010
284634
266726
297236
284634
303744
278535
303744
266726
297236
303744
266726
284634
297236
272566
261010
266726
284634
324138
278535
266726
272566
303744
261010
255417
229200
255417
290866
338489
261010
244589
284634
290866
284634
278535
284634
297236
261010
162069
324138
266726
266726
266726
324138
324138
272566
278535
255417
331236
165618
272566
278535
266726
229200
297236
297236
297236
266726
290866
169244
169244
290866
310395
261010
162069
331236
244589
229200
261010
290866
272566
278535
284634
272566
255417
255417
297236
278535
234219
266726
310395
284634
272566
278535
261010
255417
297236
266726
317192
261010
155197
284634
266726
284634
169244
266726
272566
278535
266726
266726
162069
249944
244589
272566
169244
303744
261010
278535
297236
249944
290866
317192
324138
158596
290866
165618
169244
239347
272566
278535
169244
169244
284634
165618
303744
278535
310395
266726
284634
297236
278535
255417
266726
162069
284634
169244
278535
266726
234219
303744
155197
317192
324138
303744
266726
290866
303744
255417
255417
169244
303744
158596
310395
169244
169244
290866
255417
290866
272566
297236
290866
338489
290866
261010
278535
162069
290866
255417
284634
499889
244589
290866
290866
278535
284634
261010
145433
261010
303744
290866
297236
278535
278535
244589
297236
290866
290866
266726
249944
158596
278535
303744
266726
266726
169244
324138
317192
255417
310395
261010
266726
284634
244589
249944
249944
284634
290866
338489
284634
284634
278535
261010
297236
317192
278535
169244
249944
303744
297236
266726
169244
151872
261010
331236
284634
290866
290866
331236
261010
303744
290866
324138
278535
290866
290866
278535
303744
239347
303744
249944
165618
284634
284634
165618
278535
331236
290866
169244
272566
169244
261010
272566
272566
255417
458400
297236
261010
272566
249944
331236
266726
261010
249944
284634
317192
284634
317192
272566
261010
151872
317192
284634
278535
284634
324138
266726
272566
290866
317192
338489
272566
249944
290866
278535
272566
284634
278535
272566
272566
261010
290866
158596
278535
239347
290866
290866
162069
324138
255417
155197
255417
234219
255417
290866
278535
234219
249944
272566
249944
317192
297236
261010
284634
266726
261010
310395
303744
284634
284634
297236
162069
489178
169244
148618
266726
338489
261010
278535
303744
224289
284634
297236
331236
165618
162069
151872
284634
249944
290866
290866
290866
249944
249944
310395
272566
278535
255417
303744
266726
261010
261010
255417
278535
249944
278535
272566
272566
284634
272566
303744
331236
303744
324138
297236
272566
290866
272566
297236
261010
165618
244589
278535
303744
489178
303744
303744
255417
266726
290866
331236
266726
255417
155197
278535
303744
165618
272566
162069
266726
324138
272566
310395
297236
165618
303744
165618
324138
290866
249944
278535
278535
284634
278535
255417
290866
284634
284634
266726
272566
290866
169244
162069
266726
169244
331236
278535
162069
290866
290866
290866
331236
317192
169244
278535
310395
290866
158596
303744
284634
278535
297236
266726
284634
261010
338489
284634
234219
151872
169244
278535
290866
290866
284634
255417
278535
261010
297236
317192
303744
284634
278535
278535
266726
317192
255417
297236
303744
278535
284634
303744
278535
266726
261010
278535
297236
272566
261010
284634
303744
324138
162069
290866
324138
165618
229200
297236
255417
297236
158596
284634
272566
310395
284634
278535
331236
234219
162069
234219
284634
249944
272566
249944
303744
261010
278535
266726
261010
278535
249944
142317
165618
303744
272566
169244
290866
284634
255417
317192
158596
324138
266726
272566
278535
272566
165618
297236
290866
278535
310395
266726
165618
165618
290866
297236
303744
317192
278535
284634
266726
261010
297236
272566
331236
338489
303744
261010
169244
169244
278535
310395
239347
290866
255417
303744
266726
244589
272566
284634
284634
272566
272566
255417
278535
244589
261010
297236
249944
255417
158596
297236
278535
324138
239347
284634
284634
266726
165618
303744
278535
317192
324138
169244
261010
165618
297236
249944
290866
266726
317192
261010
169244
151872
272566
272566
290866
169244
303744
169244
297236
290866
261010
278535
290866
310395
261010
169244
272566
272566
284634
284634
278535
278535
272566
290866
317192
162069
261010
303744
278535
278535
234219
249944
255417
303744
297236
255417
278535
303744
290866
169244
244589
165618
165618
155197
266726
272566
278535
266726
158596
169244
244589
266726
266726
331236
261010
272566
317192
162069
272566
290866
297236
278535
244589
239347
284634
317192
266726
272566
284634
290866
290866
284634
317192
169244
229200
324138
303744
297236
284634
261010
278535
303744
297236
165618
310395
272566
297236
284634
310395
165618
272566
284634
261010
284634
165618
158596
278535
297236
239347
255417
266726
165618
155197
165618
255417
266726
303744
303744
303744
155197
162069
297236
255417
266726
266726
249944
151872
310395
266726
297236
162069
303744
284634
303744
255417
278535
278535
169244
278535
290866
284634
284634
162069
272566
297236
272566
169244
266726
303744
324138
272566
297236
303744
290866
239347
317192
162069
272566
169244
297236
290866
303744
290866
324138
290866
244589
278535
297236
266726
266726
234219
297236
266726
290866
266726
290866
272566
278535
290866
290866
297236
278535
324138
290866
297236
310395
272566
266726
303744
266726
266726
244589
310395
272566
310395
272566
310395
290866
297236
290866
303744
249944
165618
272566
162069
255417
158596
266726
255417
338489
255417
261010
284634
290866
266726
284634
261010
266726
290866
278535
261010
331236
261010
272566
165618
284634
249944
290866
272566
169244
284634
317192
266726
310395
261010
290866
272566
255417
239347
331236
266726
324138
165618
255417
290866
278535
278535
278535
266726
290866
266726
249944
278535
255417
297236
266726
255417
297236
297236
284634
278535
284634
284634
261010
272566
272566
303744
272566
303744
278535
266726
278535
297236
261010
266726
266726
290866
284634
266726
290866
290866
272566
169244
290866
169244
266726
290866
162069
266726
310395
261010
272566
266726
272566
234219
261010
162069
284634
297236
278535
284634
284634
317192
331236
278535
278535
284634
297236
290866
266726
297236
249944
249944
266726
255417
310395
255417
266726
255417
303744
266726
297236
284634
255417
284634
278535
272566
284634
297236
290866
249944
324138
272566
284634
249944
169244
303744
297236
272566
266726
284634
290866
290866
165618
297236
234219
165618
255417
324138
165618
255417
278535
290866
284634
239347
303744
239347
158596
303744
284634
297236
272566
284634
272566
255417
162069
303744
165618
522021
317192
261010
169244
303744
158596
303744
303744
239347
310395
244589
324138
255417
165618
284634
249944
310395
324138
249944
284634
297236
261010
290866
266726
284634
278535
165618
290866
331236
