255417
303744
284634
272566
278535
290866
261010
297236
261010
303744
290866
272566
266726
317192
303744
169244
338489
272566
303744
284634
303744
261010
297236
310395
338489
278535
324138
284634
255417
297236
278535
317192
297236
303744
290866
324138
272566
272566
303744
278535
324138
278535
278535
303744
255417
165618
338489
266726
266726
255417
278535
317192
297236
169244
310395
303744
255417
331236
155197
489178
317192
317192
272566
284634
261010
284634
303744
272566
151872
261010
297236
284634
290866
278535
331236
272566
278535
284634
261010
266726
278535
278535
278535
244589
297236
169244
290866
255417
331236
284634
297236
244589
169244
284634
317192
310395
169244
284634
297236
266726
244589
255417
255417
261010
290866
317192
272566
272566
272566
169244
310395
261010
290866
278535
297236
249944
317192
297236
317192
297236
278535
272566
272566
297236
324138
310395
284634
290866
169244
303744
261010
165618
297236
297236
284634
297236
303744
317192
266726
284634
290866
290866
310395
297236
244589
284634
303744
290866
284634
249944
284634
261010
284634
303744
324138
266726
284634
255417
272566
303744
290866
249944
284634
331236
284634
244589
272566
324138
284634
249944
169244
266726
278535
297236
290866
272566
278535
297236
303744
338489
255417
278535
284634
278535
169244
266726
324138
297236
297236
169244
317192
290866
317192
272566
290866
278535
303744
272566
272566
324138
290866
261010
278535
324138
278535
284634
266726
255417
249944
278535
278535
284634
290866
272566
310395
244589
261010
297236
303744
290866
284634
297236
266726
249944
169244
266726
297236
261010
151872
266726
266726
310395
278535
290866
278535
266726
284634
317192
317192
284634
284634
324138
284634
284634
303744
303744
266726
272566
317192
278535
310395
278535
249944
272566
278535
297236
284634
297236
272566
290866
290866
297236
303744
303744
278535
290866
272566
272566
297236
290866
169244
284634
290866
290866
278535
290866
278535
272566
278535
162069
266726
278535
249944
278535
266726
297236
266726
278535
310395
261010
297236
303744
297236
303744
317192
310395
303744
303744
261010
266726
290866
261010
290866
261010
338489
261010
297236
284634
284634
272566
255417
284634
303744
266726
158596
303744
297236
278535
310395
278535
266726
272566
297236
290866
290866
284634
169244
284634
303744
284634
169244
284634
303744
290866
234219
297236
317192
272566
239347
290866
278535
272566
290866
324138
310395
284634
310395
272566
255417
272566
303744
165618
331236
278535
261010
297236
234219
303744
284634
169244
261010
239347
278535
278535
278535
290866
284634
290866
310395
278535
272566
303744
290866
266726
284634
284634
261010
272566
278535
303744
278535
266726
297236
324138
261010
266726
297236
272566
261010
169244
290866
303744
272566
278535
261010
303744
310395
297236
261010
261010
303744
261010
278535
278535
278535
310395
261010
290866
239347
310395
284634
290866
284634
297236
266726
165618
297236
272566
303744
255417
297236
266726
255417
148618
290866
317192
272566
284634
261010
290866
272566
284634
249944
310395
310395
297236
165618
255417
310395
272566
162069
165618
284634
278535
297236
255417
284634
297236
310395
310395
297236
272566
234219
303744
290866
297236
290866
290866
266726
290866
249944
303744
303744
297236
278535
284634
290866
303744
284634
510835
290866
266726
290866
244589
284634
255417
169244
272566
290866
284634
278535
303744
272566
290866
290866
261010
297236
297236
290866
272566
310395
278535
310395
272566
234219
303744
244589
162069
297236
545133
272566
266726
324138
278535
338489
249944
284634
255417
266726
317192
249944
272566
310395
158596
310395
290866
261010
261010
324138
290866
158596
310395
272566
278535
284634
278535
284634
155197
297236
317192
278535
272566
249944
266726
255417
272566
303744
272566
303744
169244
169244
278535
317192
297236
290866
290866
272566
284634
338489
266726
255417
151872
272566
165618
255417
303744
297236
155197
266726
158596
317192
284634
272566
272566
244589
557070
284634
324138
284634
324138
324138
266726
284634
278535
261010
284634
290866
165618
278535
272566
278535
297236
310395
297236
303744
310395
278535
272566
272566
278535
303744
244589
261010
303744
266726
297236
310395
310395
310395
310395
290866
303744
278535
266726
297236
278535
278535
290866
255417
266726
297236
303744
303744
272566
278535
290866
272566
290866
255417
169244
261010
266726
284634
324138
272566
272566
310395
284634
162069
303744
303744
272566
261010
278535
522021
290866
297236
266726
272566
249944
266726
338489
162069
165618
317192
284634
290866
310395
278535
303744
297236
338489
266726
338489
261010
272566
290866
317192
278535
290866
272566
303744
261010
244589
297236
244589
284634
165618
165618
303744
169244
310395
266726
290866
284634
284634
169244
278535
278535
284634
266726
169244
255417
278535
303744
303744
278535
324138
290866
317192
165618
266726
272566
278535
310395
266726
272566
272566
272566
284634
290866
266726
290866
165618
284634
284634
162069
290866
249944
317192
303744
272566
284634
249944
261010
284634
165618
272566
290866
284634
272566
290866
278535
261010
278535
297236
165618
317192
284634
290866
249944
297236
272566
284634
290866
261010
324138
324138
310395
249944
261010
272566
284634
284634
331236
278535
272566
303744
272566
331236
290866
297236
272566
324138
310395
266726
278535
303744
303744
169244
284634
255417
255417
324138
266726
303744
303744
284634
297236
317192
290866
284634
303744
290866
162069
266726
272566
284634
284634
272566
297236
290866
272566
278535
310395
229200
255417
278535
266726
261010
324138
255417
169244
297236
266726
297236
272566
290866
272566
297236
266726
249944
284634
284634
266726
324138
290866
278535
272566
284634
261010
297236
165618
284634
162069
278535
303744
324138
290866
272566
278535
272566
249944
303744
261010
169244
297236
290866
303744
290866
297236
284634
284634
317192
266726
317192
266726
317192
324138
239347
278535
324138
272566
278535
290866
249944
278535
272566
317192
297236
290866
478695
297236
278535
261010
284634
290866
272566
261010
290866
272566
324138
324138
255417
284634
266726
522021
278535
317192
297236
284634
284634
151872
297236
266726
249944
284634
244589
249944
317192
261010
249944
317192
338489
324138
272566
297236
317192
261010
297236
261010
266726
272566
317192
297236
278535
297236
272566
278535
278535
249944
165618
261010
272566
317192
284634
249944
331236
155197
533452
165618
290866
317192
239347
272566
317192
266726
278535
303744
310395
284634
297236
290866
317192
266726
255417
272566
278535
324138
272566
278535
310395
284634
297236
261010
284634
266726
261010
317192
303744
297236
169244
290866
278535
297236
249944
266726
272566
261010
310395
272566
272566
239347
310395
244589
169244
244589
278535
278535
284634
303744
249944
284634
278535
284634
284634
317192
290866
290866
272566
169244
272566
290866
290866
310395
297236
290866
266726
266726
261010
303744
303744
266726
261010
272566
261010
290866
249944
266726
278535
310395
272566
317192
249944
278535
284634
272566
165618
303744
278535
