569268
324138
297236
499889
284634
278535
284634
324138
522021
278535
249944
284634
317192
278535
533452
581733
317192
310395
284634
310395
272566
310395
317192
284634
324138
266726
297236
165618
297236
317192
331236
303744
317192
297236
310395
324138
278535
284634
297236
331236
303744
290866
533452
522021
338489
310395
290866
266726
278535
255417
310395
581733
317192
284634
317192
317192
324138
303744
278535
324138
533452
284634
297236
266726
522021
324138
338489
338489
297236
324138
522021
310395
331236
310395
317192
310395
297236
284634
310395
290866
290866
533452
331236
290866
266726
317192
303744
303744
310395
338489
303744
303744
303744
303744
284634
278535
338489
297236
338489
278535
297236
510835
303744
338489
331236
297236
317192
338489
634385
284634
290866
324138
310395
310395
290866
317192
278535
324138
297236
266726
317192
297236
458400
303744
310395
284634
249944
533452
310395
284634
278535
290866
569268
290866
310395
297236
317192
310395
310395
522021
310395
331236
303744
266726
510835
297236
297236
266726
324138
317192
331236
165618
290866
317192
290866
297236
331236
278535
290866
310395
297236
324138
297236
303744
278535
290866
278535
290866
317192
331236
278535
324138
533452
569268
317192
303744
317192
310395
310395
317192
297236
331236
522021
510835
290866
310395
338489
324138
284634
290866
290866
278535
545133
290866
278535
324138
338489
331236
261010
510835
324138
297236
303744
331236
310395
284634
297236
338489
317192
284634
338489
278535
284634
272566
510835
290866
278535
310395
478695
545133
317192
290866
331236
290866
324138
310395
278535
310395
331236
284634
324138
284634
272566
278535
522021
310395
338489
297236
303744
297236
545133
297236
290866
297236
324138
331236
338489
331236
324138
310395
317192
290866
331236
297236
317192
284634
303744
545133
290866
533452
557070
278535
324138
266726
278535
310395
297236
331236
297236
499889
261010
284634
317192
303744
272566
310395
297236
290866
310395
272566
297236
165618
557070
278535
290866
324138
278535
338489
169244
331236
284634
284634
278535
297236
478695
303744
297236
310395
297236
297236
569268
331236
317192
324138
278535
310395
272566
522021
499889
290866
249944
297236
478695
290866
324138
324138
278535
290866
310395
278535
317192
303744
284634
290866
317192
303744
297236
284634
303744
338489
303744
278535
331236
317192
297236
331236
338489
324138
310395
272566
310395
324138
284634
533452
284634
255417
284634
310395
331236
324138
290866
331236
303744
284634
324138
317192
284634
297236
317192
297236
324138
317192
284634
545133
278535
297236
303744
297236
284634
261010
317192
499889
278535
338489
317192
324138
255417
303744
278535
303744
324138
317192
255417
290866
266726
303744
317192
303744
290866
317192
278535
317192
331236
278535
255417
317192
324138
284634
310395
331236
310395
317192
272566
284634
324138
310395
310395
278535
489178
303744
255417
324138
310395
317192
290866
317192
303744
278535
284634
290866
290866
317192
261010
297236
266726
272566
261010
278535
338489
310395
310395
297236
545133
266726
290866
317192
290866
297236
331236
303744
324138
545133
266726
297236
290866
310395
297236
310395
303744
303744
272566
290866
272566
317192
324138
331236
594472
284634
278535
331236
317192
278535
278535
545133
297236
533452
278535
297236
324138
278535
272566
317192
290866
324138
310395
324138
303744
284634
303744
338489
522021
310395
310395
290866
324138
284634
284634
290866
310395
533452
284634
607489
310395
310395
331236
162069
324138
234219
169244
290866
266726
317192
297236
324138
331236
290866
317192
303744
324138
266726
317192
284634
310395
290866
297236
331236
284634
272566
331236
324138
297236
303744
310395
290866
284634
310395
533452
278535
303744
317192
317192
284634
303744
284634
272566
290866
284634
290866
284634
324138
297236
317192
324138
297236
317192
317192
510835
297236
317192
324138
317192
278535
297236
489178
284634
303744
331236
297236
458400
303744
310395
310395
290866
303744
331236
317192
290866
331236
272566
290866
310395
317192
303744
290866
545133
310395
310395
317192
331236
303744
331236
310395
266726
297236
317192
303744
303744
303744
338489
338489
303744
297236
297236
331236
338489
310395
290866
522021
272566
278535
324138
338489
324138
278535
317192
297236
499889
510835
249944
303744
331236
310395
303744
331236
290866
272566
297236
278535
338489
310395
297236
310395
310395
297236
317192
255417
522021
331236
297236
310395
284634
324138
278535
324138
297236
310395
266726
297236
303744
569268
290866
338489
317192
297236
278535
297236
290866
331236
331236
310395
310395
303744
324138
297236
284634
303744
338489
324138
266726
338489
533452
290866
533452
297236
303744
331236
324138
317192
338489
522021
303744
284634
297236
468438
290866
510835
331236
510835
278535
317192
297236
331236
303744
278535
317192
290866
303744
324138
303744
272566
310395
317192
297236
522021
317192
303744
324138
331236
533452
324138
338489
278535
297236
510835
303744
284634
303744
510835
297236
290866
310395
310395
297236
284634
317192
468438
290866
272566
290866
489178
284634
478695
331236
317192
278535
278535
533452
290866
310395
324138
297236
261010
317192
266726
324138
478695
290866
303744
331236
331236
303744
284634
317192
272566
303744
499889
317192
324138
266726
310395
331236
310395
324138
297236
338489
297236
290866
317192
310395
522021
290866
317192
290866
290866
324138
297236
338489
244589
338489
297236
317192
297236
297236
303744
533452
317192
324138
310395
317192
468438
310395
290866
338489
317192
284634
284634
338489
290866
261010
303744
310395
317192
489178
290866
310395
569268
324138
290866
297236
310395
284634
338489
310395
324138
317192
607489
338489
310395
317192
297236
324138
284634
331236
303744
310395
290866
324138
324138
272566
272566
284634
278535
324138
290866
310395
303744
290866
338489
303744
545133
310395
303744
310395
303744
297236
284634
266726
284634
331236
297236
338489
297236
317192
310395
331236
310395
310395
317192
284634
310395
533452
290866
317192
478695
331236
317192
266726
303744
297236
290866
290866
324138
303744
303744
533452
297236
310395
284634
272566
324138
310395
310395
331236
310395
284634
324138
297236
284634
266726
284634
284634
278535
310395
297236
324138
581733
266726
338489
324138
317192
522021
317192
522021
310395
266726
310395
324138
290866
331236
310395
297236
310395
297236
303744
303744
338489
266726
303744
317192
261010
338489
303744
284634
545133
297236
303744
297236
317192
278535
266726
310395
284634
303744
272566
303744
533452
266726
297236
297236
290866
489178
581733
284634
303744
284634
290866
338489
310395
317192
272566
324138
266726
545133
317192
255417
266726
303744
338489
303744
169244
338489
331236
284634
290866
324138
272566
310395
297236
272566
266726
310395
290866
297236
297236
290866
317192
261010
290866
303744
303744
290866
303744
297236
317192
338489
317192
284634
338489
278535
297236
284634
310395
303744
310395
290866
297236
324138
557070
324138
249944
324138
290866
310395
272566
317192
272566
165618
303744
331236
284634
