284634
290866
303744
317192
338489
324138
303744
310395
297236
278535
324138
278535
272566
594472
303744
331236
284634
303744
272566
317192
284634
297236
297236
297236
489178
310395
266726
290866
278535
324138
297236
284634
324138
290866
310395
324138
310395
545133
317192
297236
317192
303744
317192
310395
165618
272566
310395
522021
266726
310395
324138
317192
290866
278535
317192
303744
284634
272566
278535
284634
458400
297236
331236
331236
297236
261010
297236
468438
303744
266726
266726
290866
284634
261010
278535
261010
317192
338489
272566
284634
278535
297236
324138
310395
317192
290866
272566
324138
303744
338489
284634
278535
284634
310395
324138
317192
169244
297236
510835
284634
278535
303744
310395
324138
297236
297236
278535
284634
317192
317192
317192
255417
310395
317192
310395
284634
278535
266726
303744
317192
317192
297236
278535
266726
324138
324138
310395
284634
331236
310395
266726
297236
522021
290866
272566
266726
317192
303744
303744
297236
297236
545133
338489
278535
297236
272566
290866
278535
331236
303744
317192
310395
581733
310395
324138
284634
290866
317192
284634
303744
510835
310395
310395
278535
533452
290866
255417
261010
266726
272566
317192
290866
255417
310395
284634
261010
569268
266726
303744
310395
324138
284634
310395
310395
261010
278535
297236
278535
510835
284634
317192
303744
303744
261010
533452
303744
290866
317192
278535
317192
317192
272566
310395
331236
489178
284634
310395
272566
249944
290866
278535
324138
255417
317192
284634
297236
338489
310395
290866
261010
278535
317192
317192
317192
297236
266726
297236
303744
290866
278535
297236
297236
290866
278535
272566
284634
297236
331236
324138
317192
310395
284634
317192
317192
324138
303744
324138
297236
249944
284634
303744
303744
297236
297236
266726
284634
278535
284634
284634
272566
331236
272566
272566
338489
255417
499889
272566
297236
278535
317192
261010
284634
290866
310395
290866
266726
310395
255417
290866
249944
303744
545133
310395
272566
297236
284634
297236
303744
581733
290866
569268
290866
278535
317192
278535
331236
284634
284634
310395
266726
533452
303744
255417
244589
284634
310395
278535
266726
278535
290866
297236
297236
303744
297236
297236
310395
278535
297236
272566
290866
290866
278535
297236
331236
290866
272566
255417
272566
278535
310395
272566
303744
278535
303744
557070
290866
272566
310395
317192
266726
324138
255417
303744
278535
284634
284634
297236
290866
290866
297236
297236
278535
310395
297236
278535
272566
324138
290866
169244
310395
303744
303744
290866
266726
290866
324138
244589
310395
557070
324138
278535
266726
290866
244589
244589
310395
272566
284634
266726
310395
331236
317192
310395
284634
284634
297236
303744
324138
317192
290866
290866
261010
324138
297236
297236
284634
310395
303744
278535
522021
303744
297236
284634
324138
255417
266726
310395
297236
317192
303744
324138
331236
303744
266726
324138
284634
297236
331236
297236
569268
290866
239347
297236
158596
297236
522021
324138
278535
284634
284634
338489
284634
303744
255417
317192
261010
284634
331236
317192
310395
297236
255417
303744
310395
278535
303744
310395
297236
303744
303744
297236
303744
324138
297236
272566
272566
261010
317192
284634
272566
272566
284634
317192
489178
290866
303744
284634
278535
303744
522021
234219
272566
278535
255417
284634
310395
338489
278535
266726
284634
310395
297236
290866
266726
324138
331236
324138
303744
557070
284634
303744
297236
266726
303744
317192
278535
272566
266726
303744
338489
324138
310395
317192
297236
284634
290866
303744
272566
317192
303744
310395
324138
324138
510835
317192
317192
317192
290866
290866
284634
303744
284634
278535
303744
284634
317192
284634
278535
290866
297236
261010
284634
272566
310395
278535
331236
284634
297236
338489
303744
324138
324138
297236
266726
297236
331236
317192
297236
284634
165618
284634
338489
244589
290866
310395
303744
297236
303744
290866
317192
522021
290866
297236
266726
478695
317192
290866
522021
278535
310395
278535
310395
266726
162069
266726
244589
324138
310395
278535
278535
297236
278535
266726
284634
297236
266726
297236
272566
278535
338489
310395
290866
338489
297236
297236
261010
284634
317192
303744
272566
290866
284634
338489
278535
290866
303744
239347
303744
331236
272566
284634
317192
303744
297236
284634
255417
303744
272566
272566
317192
297236
261010
310395
303744
255417
303744
255417
478695
331236
165618
290866
338489
303744
290866
297236
338489
310395
303744
278535
266726
331236
284634
310395
284634
266726
310395
278535
324138
522021
284634
317192
303744
284634
297236
278535
278535
290866
290866
284634
489178
310395
338489
290866
331236
290866
310395
297236
303744
303744
255417
290866
290866
303744
266726
317192
297236
310395
278535
278535
278535
278535
290866
278535
317192
272566
297236
284634
310395
284634
310395
303744
290866
290866
297236
557070
272566
324138
297236
278535
284634
284634
303744
266726
317192
169244
317192
297236
324138
272566
303744
278535
266726
310395
297236
278535
278535
303744
331236
278535
284634
284634
297236
310395
317192
290866
338489
278535
303744
310395
297236
278535
297236
266726
303744
310395
317192
303744
310395
297236
324138
290866
317192
297236
303744
297236
324138
297236
310395
284634
266726
522021
310395
310395
317192
317192
244589
310395
261010
266726
310395
249944
278535
297236
261010
297236
557070
324138
310395
324138
310395
272566
284634
290866
290866
545133
310395
297236
290866
284634
310395
249944
162069
290866
324138
331236
272566
310395
290866
338489
303744
290866
297236
244589
522021
310395
297236
324138
278535
489178
317192
324138
303744
249944
278535
290866
317192
297236
284634
297236
317192
284634
331236
272566
278535
297236
297236
266726
297236
290866
290866
239347
297236
255417
303744
284634
266726
261010
303744
244589
303744
272566
303744
284634
297236
284634
310395
290866
278535
317192
303744
284634
284634
278535
310395
297236
297236
331236
290866
278535
278535
261010
317192
297236
317192
169244
303744
338489
165618
266726
297236
324138
338489
290866
324138
303744
169244
155197
324138
522021
234219
290866
297236
310395
499889
278535
290866
297236
272566
317192
317192
557070
272566
331236
284634
261010
297236
331236
297236
284634
229200
249944
522021
284634
303744
303744
272566
272566
290866
290866
338489
284634
297236
290866
272566
310395
284634
338489
303744
249944
284634
303744
266726
331236
303744
489178
290866
310395
284634
303744
510835
303744
324138
303744
261010
489178
297236
338489
290866
278535
255417
290866
324138
278535
290866
310395
303744
284634
162069
297236
284634
272566
290866
278535
169244
310395
324138
581733
303744
290866
310395
244589
297236
290866
331236
324138
249944
324138
169244
290866
331236
272566
317192
284634
284634
290866
284634
303744
266726
297236
310395
284634
310395
165618
297236
303744
338489
261010
317192
324138
284634
266726
290866
272566
284634
284634
303744
278535
278535
297236
278535
261010
297236
272566
297236
169244
297236
310395
290866
338489
338489
