284634
317192
255417
169244
290866
278535
303744
290866
278535
297236
303744
278535
297236
297236
278535
297236
229200
297236
303744
272566
261010
278535
284634
261010
310395
290866
284634
151872
244589
284634
278535
162069
278535
261010
249944
290866
303744
255417
249944
284634
162069
278535
165618
255417
284634
272566
278535
284634
155197
290866
284634
317192
249944
249944
162069
303744
249944
266726
165618
162069
272566
278535
244589
261010
272566
290866
272566
261010
266726
165618
310395
169244
255417
278535
284634
284634
297236
244589
158596
272566
310395
155197
162069
272566
272566
272566
284634
278535
317192
290866
338489
162069
261010
272566
261010
169244
165618
284634
272566
297236
284634
297236
272566
284634
278535
165618
290866
272566
162069
272566
310395
266726
261010
290866
310395
310395
310395
162069
278535
165618
278535
303744
310395
324138
284634
331236
255417
272566
165618
284634
278535
310395
290866
290866
266726
272566
158596
278535
266726
272566
229200
162069
261010
303744
290866
284634
158596
310395
303744
284634
303744
272566
261010
169244
324138
278535
290866
255417
151872
324138
310395
278535
162069
165618
284634
266726
169244
331236
255417
297236
324138
272566
272566
162069
458400
303744
169244
249944
272566
297236
266726
290866
255417
284634
303744
249944
249944
278535
261010
272566
317192
244589
255417
338489
290866
317192
278535
255417
303744
165618
229200
255417
234219
284634
303744
255417
266726
278535
155197
261010
297236
272566
290866
139267
278535
297236
169244
278535
261010
151872
278535
317192
278535
158596
165618
284634
303744
324138
297236
261010
272566
303744
303744
244589
303744
272566
317192
169244
272566
290866
169244
284634
244589
266726
266726
290866
278535
303744
272566
324138
331236
158596
310395
169244
290866
317192
272566
266726
290866
284634
169244
151872
278535
278535
239347
317192
169244
478695
249944
303744
155197
165618
272566
162069
266726
261010
278535
278535
165618
278535
303744
290866
261010
272566
303744
278535
272566
290866
324138
165618
303744
272566
284634
148618
165618
155197
266726
272566
272566
266726
303744
162069
169244
169244
284634
266726
266726
162069
261010
272566
278535
239347
284634
290866
284634
297236
272566
284634
272566
290866
261010
266726
261010
290866
165618
278535
266726
261010
165618
169244
244589
278535
249944
255417
162069
255417
266726
266726
249944
255417
284634
290866
165618
278535
272566
290866
261010
261010
255417
290866
266726
158596
261010
303744
158596
278535
278535
278535
310395
272566
278535
331236
303744
284634
244589
272566
303744
290866
255417
266726
255417
261010
272566
155197
169244
284634
284634
278535
290866
310395
165618
272566
284634
244589
158596
310395
165618
284634
255417
278535
165618
266726
169244
261010
249944
272566
169244
272566
297236
290866
272566
272566
284634
261010
169244
297236
255417
158596
278535
165618
255417
284634
266726
278535
303744
278535
303744
266726
151872
284634
162069
310395
297236
249944
155197
303744
297236
278535
266726
272566
310395
261010
255417
278535
331236
324138
272566
169244
284634
272566
266726
165618
244589
303744
148618
261010
297236
165618
310395
284634
290866
317192
272566
266726
169244
303744
158596
290866
278535
169244
284634
266726
169244
261010
266726
165618
162069
303744
169244
290866
303744
266726
310395
272566
272566
297236
169244
158596
239347
290866
290866
155197
278535
266726
266726
272566
249944
261010
266726
303744
278535
249944
272566
284634
278535
290866
272566
266726
278535
261010
158596
249944
278535
290866
303744
255417
261010
266726
303744
239347
284634
255417
244589
297236
255417
244589
244589
165618
249944
331236
290866
297236
303744
249944
244589
278535
266726
255417
297236
284634
272566
261010
249944
272566
266726
165618
162069
169244
249944
165618
249944
303744
278535
317192
261010
284634
278535
284634
165618
297236
284634
278535
255417
272566
169244
266726
290866
169244
266726
155197
303744
169244
249944
278535
324138
266726
272566
272566
255417
272566
165618
331236
272566
278535
278535
284634
331236
297236
310395
278535
229200
165618
169244
255417
165618
303744
229200
169244
310395
272566
266726
249944
303744
310395
272566
317192
278535
169244
165618
310395
162069
303744
165618
266726
284634
303744
284634
297236
290866
266726
272566
244589
261010
255417
272566
261010
303744
290866
266726
165618
249944
266726
266726
219483
266726
272566
169244
272566
261010
239347
249944
266726
162069
266726
278535
297236
158596
261010
272566
297236
244589
317192
169244
169244
165618
272566
169244
290866
244589
290866
266726
303744
278535
290866
317192
331236
297236
244589
261010
284634
266726
266726
290866
261010
266726
162069
297236
278535
155197
244589
261010
261010
272566
284634
290866
249944
139267
158596
278535
303744
290866
284634
284634
290866
331236
169244
249944
331236
272566
266726
317192
290866
266726
255417
266726
272566
272566
284634
284634
165618
278535
297236
290866
310395
165618
290866
169244
272566
284634
255417
266726
297236
290866
229200
272566
239347
278535
165618
169244
169244
272566
261010
244589
162069
297236
284634
148618
290866
310395
266726
284634
284634
272566
290866
297236
303744
284634
165618
261010
317192
266726
272566
261010
303744
324138
266726
169244
290866
272566
272566
261010
297236
278535
158596
272566
297236
290866
165618
448578
244589
169244
338489
278535
284634
244589
284634
169244
331236
165618
229200
158596
278535
272566
244589
255417
297236
148618
165618
266726
284634
290866
266726
290866
148618
310395
162069
297236
272566
244589
331236
278535
244589
255417
165618
272566
158596
272566
272566
338489
338489
229200
165618
165618
266726
290866
266726
310395
272566
317192
234219
272566
244589
249944
165618
278535
310395
249944
284634
261010
284634
272566
290866
272566
310395
278535
266726
284634
165618
158596
244589
278535
169244
331236
261010
290866
169244
165618
261010
272566
303744
290866
234219
272566
284634
165618
317192
284634
278535
165618
266726
266726
278535
266726
261010
255417
284634
162069
266726
278535
510835
169244
297236
297236
162069
165618
290866
155197
278535
261010
278535
261010
255417
303744
158596
522021
284634
266726
249944
297236
297236
290866
255417
290866
255417
162069
255417
278535
266726
266726
310395
255417
278535
290866
278535
317192
261010
266726
284634
169244
169244
297236
278535
261010
162069
249944
290866
266726
255417
266726
278535
229200
155197
162069
261010
303744
255417
162069
290866
317192
165618
158596
284634
239347
290866
272566
266726
489178
297236
151872
310395
162069
151872
278535
290866
261010
169244
249944
272566
303744
272566
290866
266726
249944
284634
317192
278535
261010
284634
155197
266726
324138
255417
278535
278535
284634
284634
272566
272566
165618
169244
284634
266726
284634
261010
303744
165618
290866
278535
158596
278535
261010
151872
145433
272566
261010
255417
151872
266726
261010
272566
284634
266726
272566
331236
165618
272566
284634
290866
169244
290866
165618
266726
169244
266726
278535
272566
278535
278535
290866
310395
