158596
278535
169244
255417
261010
255417
290866
249944
255417
165618
266726
261010
297236
261010
162069
165618
229200
278535
255417
162069
266726
290866
169244
266726
261010
266726
310395
272566
303744
239347
249944
290866
255417
244589
284634
151872
165618
278535
169244
278535
234219
272566
290866
278535
284634
169244
255417
303744
151872
278535
169244
244589
266726
244589
290866
158596
261010
142317
158596
278535
303744
272566
249944
169244
234219
255417
284634
261010
165618
310395
169244
331236
162069
266726
219483
278535
169244
148618
158596
255417
249944
266726
266726
249944
165618
249944
284634
272566
297236
272566
169244
255417
155197
278535
169244
272566
284634
244589
272566
272566
165618
303744
165618
284634
158596
255417
266726
278535
284634
261010
290866
284634
272566
244589
272566
229200
297236
155197
234219
162069
303744
255417
266726
297236
261010
278535
244589
290866
284634
151872
317192
162069
278535
155197
284634
169244
290866
297236
162069
155197
249944
278535
139267
284634
290866
338489
278535
261010
165618
261010
162069
284634
162069
290866
158596
239347
303744
261010
234219
261010
297236
155197
290866
278535
158596
162069
155197
297236
297236
145433
284634
278535
266726
165618
266726
165618
261010
145433
310395
261010
272566
261010
165618
142317
261010
165618
297236
261010
244589
284634
261010
278535
278535
162069
310395
278535
249944
272566
255417
278535
165618
284634
284634
234219
162069
148618
255417
151872
261010
266726
266726
278535
162069
142317
165618
272566
261010
266726
219483
261010
244589
317192
261010
303744
272566
155197
310395
297236
165618
290866
266726
272566
239347
266726
266726
261010
244589
255417
272566
162069
317192
284634
290866
158596
261010
290866
290866
261010
278535
255417
261010
165618
317192
272566
284634
303744
165618
310395
284634
324138
297236
278535
303744
151872
249944
155197
297236
148618
290866
272566
151872
249944
297236
255417
261010
284634
255417
278535
169244
249944
272566
239347
272566
158596
158596
272566
169244
290866
266726
249944
290866
284634
266726
145433
297236
278535
303744
249944
162069
249944
310395
278535
162069
249944
165618
162069
169244
249944
324138
255417
155197
162069
272566
290866
158596
284634
261010
284634
266726
303744
278535
261010
303744
255417
255417
290866
266726
169244
155197
278535
303744
272566
272566
255417
266726
234219
158596
255417
169244
239347
272566
165618
255417
303744
244589
278535
229200
297236
234219
278535
261010
169244
169244
165618
278535
162069
255417
272566
169244
261010
266726
169244
272566
284634
266726
155197
155197
297236
165618
297236
266726
165618
151872
261010
162069
261010
272566
255417
162069
162069
234219
272566
169244
266726
278535
162069
272566
297236
165618
272566
165618
165618
249944
297236
249944
158596
261010
310395
255417
278535
284634
169244
272566
169244
266726
244589
169244
303744
278535
272566
158596
261010
297236
284634
255417
290866
165618
284634
261010
297236
272566
272566
255417
158596
272566
165618
290866
165618
266726
278535
266726
266726
272566
272566
266726
145433
249944
290866
303744
266726
165618
272566
155197
266726
148618
278535
272566
162069
278535
297236
261010
284634
290866
162069
303744
239347
310395
266726
284634
278535
272566
151872
169244
272566
244589
261010
278535
261010
165618
255417
284634
266726
169244
290866
239347
239347
169244
278535
169244
284634
297236
261010
244589
278535
239347
284634
284634
261010
165618
284634
303744
261010
169244
158596
165618
278535
261010
324138
266726
255417
158596
297236
158596
290866
165618
165618
266726
165618
310395
272566
155197
290866
169244
169244
272566
162069
261010
169244
266726
165618
165618
162069
261010
278535
290866
261010
155197
229200
290866
266726
255417
310395
266726
162069
310395
297236
169244
165618
297236
290866
266726
158596
284634
261010
255417
165618
297236
310395
290866
317192
290866
165618
255417
261010
284634
303744
155197
303744
255417
266726
261010
317192
284634
255417
234219
278535
266726
290866
266726
162069
290866
303744
290866
169244
155197
297236
169244
272566
162069
244589
169244
244589
278535
255417
255417
266726
310395
310395
266726
278535
272566
290866
255417
284634
255417
261010
158596
278535
297236
290866
272566
261010
266726
169244
303744
169244
234219
151872
165618
272566
284634
310395
255417
272566
303744
165618
324138
169244
272566
266726
284634
229200
266726
310395
278535
266726
272566
169244
255417
278535
165618
297236
290866
272566
158596
162069
266726
278535
284634
244589
284634
266726
310395
261010
165618
169244
290866
290866
278535
244589
290866
261010
261010
155197
261010
297236
244589
266726
165618
278535
261010
158596
290866
303744
162069
165618
162069
278535
255417
148618
261010
244589
272566
169244
284634
278535
244589
255417
165618
272566
249944
272566
284634
272566
278535
224289
261010
266726
278535
272566
261010
284634
324138
165618
266726
165618
244589
255417
297236
297236
169244
278535
148618
284634
255417
266726
148618
169244
162069
266726
278535
290866
272566
239347
158596
278535
165618
169244
151872
278535
290866
297236
239347
278535
297236
284634
284634
303744
244589
155197
169244
278535
255417
165618
303744
284634
284634
229200
249944
169244
255417
158596
278535
272566
162069
165618
284634
155197
155197
229200
310395
165618
148618
317192
261010
284634
266726
224289
261010
303744
297236
261010
169244
261010
297236
158596
278535
158596
278535
272566
278535
297236
162069
249944
317192
169244
249944
297236
278535
272566
317192
261010
266726
284634
261010
272566
317192
290866
255417
278535
266726
278535
249944
162069
278535
169244
290866
284634
278535
155197
155197
151872
290866
266726
169244
284634
169244
278535
278535
249944
155197
158596
162069
169244
297236
278535
155197
165618
158596
272566
310395
266726
284634
278535
284634
278535
249944
249944
278535
155197
165618
317192
284634
239347
261010
266726
165618
278535
278535
284634
266726
284634
266726
261010
272566
255417
266726
278535
255417
162069
272566
244589
331236
165618
165618
278535
155197
272566
155197
284634
284634
162069
284634
272566
266726
261010
151872
272566
234219
255417
290866
148618
169244
169244
169244
244589
234219
290866
249944
158596
244589
169244
255417
261010
155197
272566
324138
249944
278535
266726
324138
284634
272566
239347
272566
272566
255417
266726
290866
272566
266726
290866
272566
249944
249944
158596
162069
290866
261010
297236
278535
266726
255417
249944
244589
297236
162069
261010
266726
165618
169244
310395
249944
290866
244589
169244
297236
297236
255417
310395
169244
278535
290866
255417
169244
331236
165618
290866
165618
272566
310395
169244
278535
266726
290866
278535
284634
142317
148618
272566
272566
165618
284634
155197
284634
297236
284634
278535
169244
278535
297236
266726
169244
249944
272566
169244
266726
255417
158596
278535
169244
272566
290866
278535
158596
255417
272566
284634
272566
284634
266726
158596
297236
261010
284634
261010
303744
317192
303744
155197
278535
162069
169244
290866
255417
266726
290866
278535
278535
266726
