297236
261010
290866
317192
297236
310395
278535
297236
272566
266726
284634
331236
317192
310395
272566
324138
249944
266726
297236
284634
278535
272566
165618
249944
303744
331236
162069
310395
297236
284634
244589
290866
317192
297236
278535
303744
297236
239347
284634
290866
324138
317192
297236
244589
303744
278535
272566
310395
478695
522021
261010
272566
310395
297236
310395
303744
278535
284634
266726
266726
303744
278535
310395
297236
284634
261010
278535
261010
310395
284634
303744
317192
297236
272566
229200
297236
290866
169244
284634
272566
244589
272566
317192
278535
545133
297236
297236
284634
169244
284634
290866
284634
324138
278535
278535
272566
255417
290866
284634
290866
310395
284634
303744
278535
317192
278535
272566
284634
165618
324138
266726
317192
297236
278535
266726
338489
317192
261010
297236
284634
261010
255417
290866
249944
290866
272566
266726
310395
261010
272566
310395
266726
272566
266726
278535
249944
278535
261010
510835
278535
284634
324138
310395
272566
290866
278535
278535
310395
278535
284634
303744
278535
244589
249944
310395
303744
297236
303744
297236
272566
261010
266726
284634
266726
272566
303744
284634
310395
324138
255417
266726
338489
290866
297236
324138
284634
278535
284634
297236
310395
290866
290866
489178
297236
278535
290866
303744
324138
317192
151872
331236
290866
317192
297236
284634
310395
324138
272566
290866
310395
261010
290866
297236
272566
284634
272566
510835
169244
317192
272566
284634
249944
290866
297236
310395
317192
272566
303744
278535
278535
310395
297236
510835
290866
303744
284634
290866
297236
255417
338489
284634
284634
303744
297236
255417
290866
310395
324138
303744
331236
297236
338489
290866
310395
297236
278535
297236
297236
284634
272566
272566
297236
310395
324138
303744
303744
261010
261010
290866
297236
266726
261010
303744
278535
324138
272566
261010
284634
278535
303744
169244
317192
297236
284634
284634
272566
317192
317192
272566
261010
169244
310395
310395
266726
266726
290866
331236
239347
284634
317192
278535
169244
266726
290866
331236
169244
324138
303744
290866
310395
249944
266726
310395
278535
261010
303744
297236
290866
324138
499889
310395
510835
278535
169244
272566
249944
303744
297236
284634
297236
303744
297236
290866
310395
169244
278535
303744
249944
297236
303744
284634
278535
303744
545133
317192
261010
284634
278535
272566
557070
290866
297236
331236
297236
255417
169244
310395
290866
297236
303744
317192
266726
244589
272566
310395
234219
158596
290866
278535
303744
297236
338489
290866
290866
278535
310395
278535
499889
284634
297236
261010
278535
317192
303744
278535
255417
278535
255417
266726
338489
278535
303744
278535
272566
272566
499889
317192
249944
272566
303744
317192
324138
310395
303744
284634
284634
297236
244589
272566
317192
249944
290866
310395
331236
297236
303744
284634
261010
255417
266726
266726
331236
249944
272566
272566
239347
324138
278535
297236
169244
324138
290866
297236
284634
244589
297236
310395
284634
278535
297236
317192
317192
303744
303744
290866
324138
272566
317192
290866
317192
261010
290866
169244
284634
272566
284634
310395
297236
290866
297236
310395
581733
278535
331236
290866
310395
317192
244589
338489
303744
290866
239347
297236
255417
303744
284634
338489
297236
266726
297236
290866
272566
290866
266726
284634
297236
266726
297236
522021
272566
278535
297236
169244
284634
331236
278535
317192
272566
303744
272566
278535
261010
278535
284634
278535
290866
290866
278535
255417
297236
290866
278535
278535
169244
297236
266726
297236
284634
331236
278535
261010
297236
297236
290866
310395
303744
297236
272566
297236
244589
278535
324138
155197
284634
284634
219483
278535
255417
272566
266726
284634
284634
249944
522021
310395
272566
278535
255417
272566
169244
261010
303744
297236
278535
317192
317192
310395
317192
297236
317192
278535
284634
324138
162069
303744
266726
278535
261010
297236
169244
162069
310395
303744
284634
290866
255417
278535
317192
261010
297236
297236
284634
290866
261010
310395
165618
278535
244589
261010
297236
297236
290866
284634
266726
331236
272566
266726
317192
310395
278535
266726
272566
303744
290866
297236
331236
310395
284634
278535
297236
169244
310395
278535
272566
290866
468438
284634
266726
284634
303744
266726
284634
338489
324138
278535
244589
297236
297236
290866
261010
303744
169244
272566
324138
317192
303744
338489
510835
278535
297236
317192
255417
266726
331236
261010
297236
290866
266726
255417
249944
278535
338489
297236
297236
324138
284634
310395
266726
324138
244589
266726
278535
290866
331236
266726
278535
272566
272566
278535
278535
303744
284634
290866
297236
317192
310395
284634
290866
255417
290866
266726
284634
290866
297236
324138
244589
297236
331236
255417
303744
165618
290866
284634
272566
169244
278535
297236
310395
297236
331236
297236
266726
310395
297236
290866
303744
310395
278535
266726
278535
290866
165618
249944
255417
284634
266726
297236
533452
303744
278535
272566
310395
278535
338489
290866
261010
284634
284634
284634
297236
284634
272566
278535
272566
261010
297236
284634
278535
290866
278535
244589
162069
310395
290866
297236
297236
533452
317192
297236
303744
169244
303744
297236
303744
278535
284634
255417
284634
272566
284634
317192
317192
338489
303744
297236
272566
290866
290866
310395
290866
290866
290866
310395
458400
290866
310395
266726
284634
278535
272566
272566
290866
331236
284634
297236
266726
284634
266726
224289
331236
158596
290866
261010
266726
266726
284634
278535
290866
303744
255417
261010
290866
278535
310395
165618
290866
169244
284634
278535
261010
278535
297236
317192
324138
284634
310395
317192
284634
266726
310395
303744
284634
290866
278535
278535
303744
272566
272566
255417
278535
297236
266726
331236
290866
148618
278535
284634
448578
338489
278535
317192
303744
158596
303744
317192
324138
290866
545133
266726
266726
284634
303744
297236
290866
290866
255417
338489
324138
278535
290866
290866
261010
272566
278535
303744
303744
261010
244589
261010
272566
255417
165618
324138
272566
255417
290866
310395
297236
151872
284634
303744
317192
290866
284634
290866
278535
317192
272566
266726
303744
297236
290866
297236
499889
290866
290866
338489
303744
297236
278535
284634
303744
261010
324138
284634
266726
310395
297236
303744
324138
278535
266726
297236
266726
324138
255417
266726
266726
290866
261010
278535
272566
239347
266726
338489
297236
278535
169244
284634
438966
303744
272566
266726
468438
310395
239347
266726
290866
249944
278535
284634
338489
290866
297236
155197
303744
317192
278535
522021
331236
249944
284634
261010
266726
324138
297236
303744
290866
290866
297236
290866
310395
297236
297236
317192
290866
165618
272566
249944
284634
278535
303744
324138
303744
169244
303744
303744
284634
272566
272566
284634
290866
297236
317192
297236
255417
255417
310395
284634
303744
266726
261010
249944
317192
338489
266726
310395
310395
290866
310395
284634
290866
272566
297236
290866
284634
284634
338489
331236
297236
