278535
290866
249944
303744
557070
297236
324138
303744
261010
278535
284634
331236
297236
310395
284634
278535
278535
303744
278535
303744
331236
303744
303744
338489
249944
324138
324138
310395
331236
317192
272566
303744
338489
297236
458400
489178
499889
317192
310395
522021
310395
261010
297236
324138
297236
278535
338489
522021
290866
297236
310395
290866
303744
297236
297236
290866
169244
489178
297236
310395
310395
278535
290866
290866
324138
284634
324138
324138
303744
303744
310395
324138
284634
290866
297236
324138
278535
303744
297236
297236
272566
317192
290866
290866
338489
331236
317192
303744
331236
310395
324138
324138
297236
324138
338489
272566
297236
338489
303744
317192
303744
266726
272566
297236
278535
303744
290866
272566
331236
266726
290866
278535
310395
290866
317192
317192
303744
290866
303744
607489
317192
266726
290866
317192
317192
284634
303744
317192
278535
266726
331236
303744
278535
278535
297236
165618
284634
297236
324138
324138
266726
266726
317192
278535
266726
522021
272566
310395
324138
310395
499889
278535
272566
297236
284634
303744
290866
331236
284634
317192
303744
331236
297236
303744
284634
324138
303744
290866
303744
545133
331236
266726
290866
272566
317192
569268
338489
569268
317192
297236
278535
303744
317192
331236
303744
310395
255417
297236
303744
261010
297236
290866
310395
317192
331236
533452
303744
278535
331236
297236
310395
338489
278535
303744
317192
324138
261010
278535
438966
278535
510835
324138
338489
284634
297236
310395
557070
278535
303744
317192
338489
310395
324138
310395
297236
290866
331236
272566
303744
278535
338489
338489
338489
272566
324138
272566
261010
255417
324138
303744
290866
290866
239347
290866
324138
297236
266726
331236
303744
284634
290866
290866
499889
297236
272566
510835
331236
317192
284634
310395
331236
290866
458400
338489
317192
284634
297236
297236
278535
284634
324138
310395
522021
331236
607489
338489
331236
310395
331236
317192
278535
338489
317192
249944
331236
261010
331236
310395
499889
310395
272566
290866
310395
284634
255417
324138
338489
272566
581733
278535
310395
448578
303744
290866
338489
272566
448578
310395
317192
284634
165618
278535
303744
310395
331236
290866
290866
310395
303744
255417
272566
303744
284634
324138
284634
331236
303744
317192
317192
266726
297236
338489
297236
284634
284634
297236
290866
249944
290866
290866
234219
284634
303744
278535
261010
310395
303744
338489
569268
284634
317192
272566
272566
284634
310395
331236
297236
522021
569268
303744
297236
557070
278535
303744
297236
284634
581733
317192
272566
331236
162069
272566
310395
324138
310395
331236
297236
338489
290866
290866
331236
303744
303744
284634
317192
278535
278535
303744
303744
331236
581733
303744
297236
284634
272566
324138
303744
284634
272566
261010
545133
290866
338489
338489
310395
255417
284634
278535
310395
284634
278535
478695
533452
297236
310395
324138
272566
545133
545133
290866
266726
297236
303744
310395
310395
297236
278535
331236
317192
290866
545133
303744
310395
297236
331236
255417
317192
255417
331236
297236
290866
266726
272566
569268
310395
297236
331236
338489
290866
310395
297236
272566
310395
290866
310395
303744
290866
297236
284634
284634
489178
303744
272566
324138
303744
297236
297236
297236
284634
249944
278535
303744
533452
266726
278535
338489
266726
317192
234219
324138
297236
255417
297236
284634
324138
338489
468438
290866
278535
317192
266726
331236
303744
297236
284634
324138
284634
278535
261010
297236
310395
331236
331236
324138
310395
510835
284634
324138
324138
290866
297236
310395
244589
331236
297236
278535
278535
272566
324138
303744
261010
297236
272566
290866
557070
317192
458400
284634
317192
338489
290866
266726
557070
278535
310395
290866
278535
284634
468438
297236
331236
324138
331236
324138
261010
324138
468438
303744
324138
272566
317192
297236
545133
297236
284634
324138
266726
272566
310395
290866
317192
324138
297236
272566
278535
229200
317192
290866
261010
284634
278535
284634
290866
324138
522021
229200
338489
317192
297236
278535
290866
266726
297236
284634
266726
317192
317192
317192
331236
338489
338489
278535
278535
545133
303744
310395
278535
290866
297236
303744
272566
278535
324138
297236
310395
278535
165618
297236
297236
438966
284634
448578
317192
239347
303744
310395
324138
545133
278535
290866
284634
324138
303744
310395
290866
331236
533452
331236
290866
278535
297236
317192
297236
310395
338489
278535
278535
266726
278535
310395
331236
278535
272566
331236
297236
158596
331236
297236
338489
303744
284634
331236
324138
284634
510835
310395
338489
284634
468438
317192
278535
331236
331236
324138
317192
331236
290866
303744
310395
303744
297236
331236
489178
324138
338489
284634
278535
545133
261010
290866
290866
272566
284634
310395
261010
284634
303744
310395
317192
290866
324138
290866
303744
297236
468438
303744
284634
303744
272566
261010
290866
499889
278535
266726
284634
331236
338489
557070
557070
261010
310395
272566
297236
499889
324138
303744
331236
317192
303744
297236
303744
317192
310395
278535
290866
297236
290866
331236
310395
331236
290866
297236
297236
317192
266726
324138
278535
310395
331236
338489
297236
303744
317192
317192
310395
278535
272566
331236
510835
303744
317192
317192
169244
303744
290866
310395
310395
272566
284634
331236
324138
297236
297236
310395
297236
303744
290866
261010
261010
284634
290866
324138
297236
272566
303744
510835
297236
303744
272566
317192
331236
278535
266726
272566
310395
290866
278535
317192
249944
266726
290866
545133
266726
324138
522021
278535
284634
261010
303744
317192
324138
331236
278535
290866
249944
278535
324138
266726
297236
310395
317192
297236
278535
310395
338489
324138
272566
278535
290866
510835
290866
324138
331236
310395
303744
310395
284634
303744
290866
290866
297236
303744
331236
261010
317192
255417
272566
303744
310395
278535
284634
272566
317192
284634
468438
317192
278535
284634
324138
310395
278535
317192
272566
290866
324138
278535
324138
324138
331236
278535
317192
272566
284634
545133
290866
284634
290866
317192
331236
278535
310395
303744
272566
468438
266726
303744
331236
317192
261010
310395
510835
310395
278535
545133
324138
303744
324138
310395
324138
338489
290866
324138
338489
317192
303744
324138
303744
310395
278535
317192
310395
272566
303744
303744
310395
272566
297236
331236
303744
278535
338489
310395
510835
266726
522021
290866
272566
324138
272566
284634
533452
317192
272566
290866
533452
266726
290866
317192
266726
272566
317192
290866
324138
244589
310395
331236
297236
324138
303744
244589
303744
317192
290866
290866
310395
284634
303744
303744
266726
297236
303744
317192
303744
278535
284634
331236
338489
272566
239347
317192
284634
310395
266726
278535
317192
317192
272566
244589
278535
290866
310395
278535
303744
317192
324138
324138
478695
317192
297236
169244
272566
338489
278535
290866
278535
303744
338489
290866
303744
310395
284634
290866
297236
297236
317192
284634
324138
284634
303744
284634
