510835
324138
338489
510835
522021
557070
331236
533452
317192
522021
303744
545133
533452
545133
338489
338489
607489
324138
331236
533452
594472
317192
338489
338489
533452
338489
324138
297236
317192
317192
284634
594472
303744
338489
581733
557070
545133
545133
310395
557070
620791
581733
478695
331236
533452
266726
310395
569268
310395
581733
634385
557070
338489
297236
545133
338489
569268
489178
489178
557070
297236
303744
324138
331236
522021
324138
303744
522021
338489
594472
545133
297236
478695
522021
310395
317192
545133
310395
317192
297236
310395
324138
581733
545133
317192
338489
594472
557070
310395
468438
510835
338489
594472
338489
324138
317192
545133
331236
331236
545133
303744
317192
569268
545133
338489
510835
290866
522021
581733
278535
557070
581733
489178
489178
522021
317192
522021
331236
331236
324138
522021
338489
338489
272566
297236
594472
338489
533452
310395
489178
510835
338489
331236
324138
331236
324138
581733
290866
510835
331236
557070
581733
338489
324138
499889
545133
317192
533452
303744
557070
545133
557070
297236
310395
545133
310395
545133
331236
290866
310395
324138
317192
317192
324138
557070
594472
489178
310395
324138
331236
557070
324138
297236
545133
478695
522021
303744
338489
545133
338489
331236
522021
310395
478695
297236
545133
331236
510835
533452
338489
317192
324138
303744
338489
303744
569268
290866
297236
338489
303744
522021
594472
581733
458400
338489
303744
545133
510835
533452
338489
331236
324138
522021
581733
324138
297236
510835
317192
331236
533452
438966
324138
331236
557070
338489
499889
317192
545133
338489
489178
569268
499889
545133
569268
569268
581733
317192
569268
533452
581733
317192
510835
331236
324138
338489
297236
607489
324138
338489
297236
338489
607489
338489
324138
338489
489178
594472
594472
338489
338489
324138
557070
510835
458400
338489
324138
331236
522021
581733
533452
545133
607489
324138
499889
594472
338489
324138
594472
557070
324138
297236
331236
324138
303744
581733
338489
533452
338489
324138
522021
310395
324138
662472
499889
317192
324138
533452
331236
324138
338489
303744
522021
310395
324138
545133
324138
510835
569268
331236
331236
581733
303744
581733
522021
557070
489178
569268
303744
317192
489178
545133
533452
522021
522021
545133
499889
569268
297236
338489
324138
634385
569268
510835
297236
581733
648276
569268
522021
331236
499889
557070
338489
331236
284634
338489
278535
324138
510835
489178
545133
557070
533452
533452
545133
522021
338489
489178
499889
303744
468438
303744
607489
545133
338489
324138
620791
468438
324138
338489
331236
468438
331236
310395
557070
338489
310395
533452
607489
310395
468438
272566
310395
533452
331236
338489
278535
338489
557070
284634
545133
510835
278535
545133
533452
489178
510835
569268
557070
489178
478695
533452
522021
303744
522021
338489
331236
581733
331236
533452
662472
545133
324138
557070
499889
620791
569268
310395
303744
545133
533452
331236
338489
331236
331236
310395
499889
338489
676978
317192
324138
324138
557070
310395
510835
557070
499889
324138
533452
338489
545133
284634
522021
331236
324138
331236
338489
569268
533452
297236
557070
545133
468438
569268
324138
338489
297236
533452
489178
284634
310395
338489
303744
331236
338489
662472
317192
338489
331236
310395
581733
499889
510835
634385
522021
581733
338489
499889
338489
634385
331236
338489
338489
510835
522021
522021
297236
569268
478695
338489
297236
569268
331236
303744
310395
522021
324138
557070
331236
581733
303744
317192
458400
290866
317192
338489
581733
594472
303744
324138
620791
557070
310395
594472
317192
533452
297236
557070
607489
331236
297236
324138
324138
569268
297236
620791
648276
569268
557070
331236
581733
557070
303744
310395
331236
324138
317192
569268
581733
545133
533452
317192
324138
303744
545133
331236
510835
522021
338489
331236
533452
310395
581733
317192
317192
324138
324138
310395
594472
338489
324138
510835
297236
278535
510835
290866
297236
557070
569268
458400
324138
331236
317192
557070
522021
317192
489178
331236
290866
324138
557070
557070
448578
331236
331236
557070
338489
522021
317192
338489
489178
510835
297236
594472
499889
489178
303744
557070
545133
324138
594472
557070
581733
310395
594472
324138
331236
317192
545133
303744
607489
569268
510835
338489
557070
510835
331236
545133
594472
545133
569268
317192
317192
338489
569268
324138
317192
317192
255417
557070
324138
324138
324138
499889
331236
557070
297236
478695
557070
310395
303744
317192
310395
510835
581733
545133
557070
522021
310395
331236
338489
489178
310395
499889
310395
303744
607489
569268
303744
310395
317192
489178
499889
557070
297236
569268
545133
569268
338489
338489
569268
545133
499889
338489
545133
310395
510835
317192
510835
557070
310395
303744
303744
331236
533452
331236
303744
338489
297236
522021
522021
557070
324138
557070
557070
594472
317192
499889
581733
338489
478695
557070
557070
522021
297236
331236
489178
522021
522021
489178
338489
338489
557070
284634
522021
545133
310395
290866
310395
510835
510835
338489
557070
338489
310395
533452
510835
317192
310395
324138
510835
297236
324138
331236
545133
607489
510835
338489
290866
545133
594472
338489
569268
533452
594472
545133
545133
303744
317192
324138
581733
545133
324138
338489
620791
303744
545133
478695
545133
545133
533452
458400
331236
310395
284634
569268
594472
581733
317192
557070
317192
557070
522021
545133
594472
533452
533452
489178
331236
338489
290866
331236
522021
557070
317192
338489
510835
331236
338489
331236
499889
290866
331236
324138
324138
310395
533452
510835
581733
522021
581733
303744
290866
338489
338489
522021
310395
338489
331236
522021
324138
510835
522021
545133
324138
594472
317192
317192
338489
557070
478695
522021
331236
522021
324138
510835
331236
489178
557070
278535
324138
303744
310395
458400
297236
324138
468438
331236
510835
317192
569268
557070
317192
338489
338489
317192
594472
533452
569268
545133
533452
303744
620791
331236
533452
533452
338489
331236
338489
522021
545133
522021
581733
324138
338489
581733
317192
557070
317192
331236
533452
545133
533452
581733
545133
338489
510835
338489
338489
594472
338489
317192
510835
310395
331236
545133
303744
338489
545133
594472
557070
297236
545133
338489
338489
533452
338489
522021
297236
317192
310395
533452
533452
317192
310395
545133
569268
331236
317192
290866
317192
545133
338489
278535
338489
338489
324138
533452
499889
310395
489178
331236
489178
310395
317192
331236
303744
338489
331236
310395
297236
324138
338489
331236
324138
317192
533452
297236
522021
331236
338489
458400
310395
522021
533452
545133
533452
533452
317192
324138
478695
522021
317192
331236
557070
522021
533452
533452
310395
303744
522021
499889
284634
324138
478695
569268
594472
338489
310395
331236
533452
533452
278535
489178
545133
331236
290866
594472
581733
324138
310395
522021
338489
303744
331236
545133
324138
569268
522021
522021
338489
303744
317192
297236
594472
533452
317192
338489
620791
338489
324138
