620791
324138
310395
545133
510835
581733
533452
557070
510835
569268
338489
533452
338489
545133
545133
297236
569268
324138
338489
317192
317192
499889
569268
317192
545133
331236
303744
557070
331236
557070
317192
338489
331236
569268
545133
557070
533452
557070
569268
522021
338489
331236
338489
338489
324138
303744
594472
489178
338489
297236
290866
533452
510835
338489
489178
331236
331236
310395
522021
545133
569268
557070
569268
297236
338489
338489
324138
545133
545133
290866
331236
324138
522021
557070
317192
489178
468438
545133
317192
297236
317192
303744
489178
569268
557070
581733
581733
499889
338489
510835
533452
499889
545133
569268
324138
522021
557070
317192
310395
533452
557070
317192
338489
581733
331236
522021
634385
310395
533452
338489
331236
557070
522021
310395
317192
310395
310395
533452
284634
607489
569268
545133
331236
545133
324138
510835
317192
545133
331236
648276
278535
331236
545133
510835
324138
338489
569268
545133
310395
331236
533452
510835
581733
324138
338489
317192
310395
331236
522021
594472
331236
634385
569268
458400
324138
297236
557070
533452
533452
297236
338489
331236
310395
522021
317192
499889
499889
266726
594472
489178
522021
317192
557070
510835
557070
338489
510835
545133
331236
522021
310395
489178
522021
510835
581733
317192
510835
581733
533452
297236
331236
533452
569268
458400
510835
545133
478695
331236
522021
331236
522021
338489
317192
545133
648276
324138
594472
310395
557070
510835
338489
510835
533452
324138
545133
522021
331236
317192
324138
331236
557070
557070
338489
581733
533452
317192
510835
533452
510835
545133
594472
324138
545133
331236
290866
569268
331236
557070
324138
290866
522021
317192
324138
499889
278535
310395
594472
338489
569268
533452
522021
533452
338489
317192
545133
303744
331236
522021
331236
489178
594472
522021
338489
510835
510835
545133
569268
545133
594472
510835
499889
310395
438966
324138
284634
331236
290866
290866
510835
499889
557070
458400
331236
510835
510835
310395
338489
545133
545133
533452
533452
310395
338489
338489
324138
297236
317192
499889
338489
533452
581733
324138
545133
338489
522021
581733
533452
338489
545133
557070
297236
338489
331236
557070
533452
581733
324138
545133
594472
557070
338489
338489
545133
458400
324138
557070
569268
569268
522021
310395
331236
290866
310395
310395
594472
557070
533452
317192
557070
533452
310395
533452
545133
338489
557070
522021
338489
478695
522021
581733
324138
317192
522021
594472
331236
468438
569268
317192
324138
317192
331236
324138
522021
620791
310395
338489
317192
510835
557070
545133
331236
545133
317192
533452
499889
338489
533452
478695
510835
499889
489178
569268
331236
324138
338489
338489
317192
533452
489178
545133
533452
533452
533452
510835
569268
303744
324138
545133
331236
569268
338489
324138
338489
545133
557070
545133
489178
545133
569268
569268
545133
324138
324138
581733
522021
310395
331236
557070
324138
338489
338489
545133
338489
634385
338489
458400
324138
324138
569268
499889
297236
324138
533452
338489
533452
510835
331236
297236
545133
620791
533452
310395
324138
581733
331236
569268
489178
317192
499889
331236
499889
338489
522021
338489
557070
324138
545133
569268
557070
510835
607489
522021
338489
324138
478695
510835
569268
545133
545133
569268
545133
317192
510835
317192
594472
338489
331236
557070
545133
533452
331236
533452
489178
557070
594472
317192
533452
545133
310395
478695
569268
510835
569268
522021
290866
338489
533452
317192
317192
499889
533452
581733
338489
303744
594472
533452
331236
510835
297236
297236
324138
522021
499889
569268
331236
557070
569268
499889
522021
522021
338489
331236
533452
533452
545133
338489
331236
569268
581733
594472
533452
478695
317192
581733
569268
310395
557070
468438
331236
478695
545133
607489
489178
303744
522021
510835
478695
557070
331236
522021
648276
284634
331236
569268
510835
317192
581733
569268
468438
303744
338489
324138
581733
489178
607489
662472
489178
522021
510835
522021
324138
324138
557070
324138
290866
331236
284634
533452
303744
569268
324138
569268
581733
458400
324138
533452
499889
324138
310395
594472
569268
317192
581733
522021
510835
478695
331236
338489
331236
338489
499889
338489
317192
324138
338489
569268
338489
310395
545133
607489
569268
310395
522021
569268
489178
324138
331236
533452
581733
317192
557070
284634
338489
310395
620791
317192
581733
533452
557070
620791
545133
297236
533452
545133
557070
331236
324138
324138
522021
510835
324138
324138
324138
545133
331236
317192
607489
331236
310395
557070
324138
581733
331236
317192
594472
581733
317192
317192
317192
594472
620791
317192
338489
569268
317192
303744
545133
310395
607489
331236
324138
338489
338489
310395
522021
510835
324138
510835
338489
331236
545133
510835
331236
317192
581733
324138
331236
338489
545133
331236
317192
557070
594472
310395
338489
317192
324138
510835
557070
303744
594472
510835
545133
331236
489178
533452
303744
317192
317192
545133
338489
331236
317192
510835
338489
557070
545133
317192
338489
297236
290866
338489
303744
545133
510835
324138
499889
324138
468438
594472
510835
569268
545133
581733
331236
499889
533452
569268
310395
324138
533452
310395
607489
522021
331236
324138
545133
620791
545133
545133
533452
557070
545133
310395
310395
510835
634385
331236
533452
581733
324138
297236
533452
310395
338489
581733
499889
303744
634385
324138
533452
510835
533452
324138
545133
545133
297236
303744
338489
510835
331236
499889
338489
607489
324138
338489
594472
290866
284634
290866
499889
557070
331236
297236
324138
317192
331236
594472
581733
533452
569268
468438
458400
317192
458400
317192
338489
533452
634385
533452
545133
324138
338489
310395
557070
458400
545133
522021
569268
557070
533452
522021
499889
338489
310395
557070
338489
510835
533452
510835
324138
310395
468438
545133
331236
522021
545133
581733
331236
545133
545133
557070
324138
317192
557070
266726
533452
522021
324138
338489
533452
533452
317192
510835
338489
489178
338489
331236
338489
303744
338489
324138
522021
324138
557070
499889
317192
331236
533452
489178
557070
620791
545133
557070
499889
278535
331236
581733
310395
310395
338489
533452
522021
297236
569268
338489
338489
510835
338489
317192
331236
297236
458400
478695
331236
317192
338489
533452
510835
310395
607489
338489
489178
581733
557070
303744
317192
331236
522021
569268
489178
533452
510835
478695
545133
478695
533452
324138
522021
303744
522021
338489
545133
545133
594472
317192
522021
317192
545133
324138
324138
324138
338489
324138
317192
324138
594472
533452
324138
338489
594472
533452
510835
533452
594472
569268
581733
489178
338489
533452
310395
458400
557070
338489
522021
338489
331236
557070
331236
317192
338489
338489
489178
510835
533452
489178
557070
499889
489178
510835
310395
290866
510835
533452
478695
522021
338489
569268
545133
317192
533452
607489
317192
297236
557070
545133
338489
310395
522021
510835
338489
266726
620791
284634
557070
581733
331236
607489
331236
324138
