533452
569268
569268
438966
522021
290866
303744
594472
499889
634385
581733
607489
569268
297236
569268
557070
522021
310395
607489
522021
297236
533452
545133
557070
620791
581733
510835
324138
569268
557070
324138
310395
533452
324138
331236
522021
310395
581733
303744
310395
545133
545133
317192
581733
594472
569268
297236
331236
338489
499889
557070
489178
324138
569268
557070
338489
468438
324138
310395
594472
533452
510835
338489
297236
522021
569268
303744
545133
581733
489178
499889
458400
557070
569268
331236
545133
324138
499889
324138
310395
297236
533452
324138
557070
324138
557070
499889
489178
581733
297236
510835
569268
331236
489178
303744
489178
569268
569268
522021
499889
545133
581733
317192
310395
569268
569268
557070
338489
545133
510835
557070
545133
255417
331236
448578
533452
310395
522021
581733
607489
338489
338489
489178
510835
522021
510835
324138
557070
499889
338489
499889
324138
569268
522021
545133
499889
499889
317192
569268
499889
557070
310395
338489
317192
338489
317192
310395
510835
310395
317192
338489
303744
569268
594472
620791
468438
310395
324138
620791
510835
557070
522021
317192
569268
489178
648276
297236
533452
489178
489178
581733
510835
533452
510835
557070
545133
478695
338489
545133
533452
468438
569268
581733
620791
545133
317192
620791
522021
331236
545133
533452
557070
581733
338489
331236
324138
533452
510835
545133
338489
545133
522021
297236
522021
468438
607489
569268
522021
458400
324138
338489
338489
478695
478695
533452
489178
594472
557070
581733
620791
557070
478695
648276
331236
533452
581733
607489
499889
310395
331236
310395
338489
569268
310395
310395
468438
324138
594472
510835
557070
607489
317192
324138
338489
522021
331236
533452
303744
522021
338489
331236
569268
324138
545133
607489
303744
522021
303744
545133
569268
522021
489178
557070
297236
310395
324138
338489
581733
510835
522021
545133
581733
499889
594472
310395
569268
648276
557070
317192
581733
634385
569268
557070
324138
522021
581733
510835
522021
331236
331236
324138
324138
510835
489178
607489
331236
499889
569268
545133
331236
533452
499889
310395
499889
303744
533452
607489
545133
557070
581733
284634
533452
533452
489178
338489
324138
557070
581733
438966
545133
594472
331236
468438
310395
324138
545133
324138
317192
533452
331236
310395
634385
331236
310395
522021
545133
338489
620791
581733
522021
533452
468438
569268
478695
522021
324138
522021
569268
533452
607489
662472
545133
510835
557070
310395
581733
310395
448578
303744
557070
489178
607489
533452
310395
331236
545133
499889
607489
338489
499889
545133
533452
510835
499889
545133
324138
478695
478695
545133
310395
324138
510835
317192
581733
331236
545133
510835
324138
557070
569268
522021
581733
499889
317192
569268
297236
510835
278535
331236
324138
338489
499889
581733
620791
310395
303744
266726
533452
499889
557070
594472
499889
676978
338489
510835
581733
489178
317192
338489
489178
569268
533452
338489
594472
317192
545133
522021
331236
338489
338489
324138
331236
581733
545133
607489
310395
581733
338489
338489
317192
499889
569268
545133
317192
545133
620791
317192
499889
634385
303744
557070
310395
676978
594472
324138
338489
489178
594472
331236
557070
569268
620791
533452
338489
310395
634385
338489
317192
324138
303744
581733
581733
533452
533452
310395
331236
278535
522021
338489
338489
510835
331236
510835
522021
522021
510835
533452
533452
545133
324138
607489
545133
338489
594472
533452
290866
545133
278535
303744
581733
594472
499889
331236
331236
522021
569268
303744
557070
324138
284634
317192
331236
594472
499889
533452
510835
634385
545133
331236
338489
557070
324138
545133
338489
594472
331236
331236
331236
634385
499889
533452
581733
338489
310395
581733
331236
545133
533452
324138
499889
607489
533452
324138
522021
545133
545133
522021
545133
581733
324138
557070
324138
338489
581733
533452
489178
478695
533452
303744
557070
331236
317192
499889
607489
284634
478695
533452
303744
324138
569268
338489
533452
533452
533452
594472
338489
545133
533452
607489
338489
338489
545133
310395
581733
594472
331236
310395
324138
510835
510835
581733
331236
581733
533452
569268
324138
338489
607489
338489
489178
545133
338489
317192
331236
317192
569268
468438
297236
331236
290866
533452
324138
522021
533452
489178
324138
533452
581733
607489
557070
594472
569268
533452
545133
338489
499889
607489
545133
338489
317192
338489
489178
533452
510835
510835
569268
489178
284634
478695
338489
533452
324138
324138
510835
522021
338489
510835
557070
533452
499889
317192
331236
317192
569268
533452
284634
557070
569268
634385
522021
510835
317192
594472
569268
499889
581733
581733
607489
545133
317192
331236
545133
569268
545133
489178
499889
662472
310395
522021
324138
533452
324138
331236
545133
338489
331236
557070
594472
510835
557070
569268
324138
317192
522021
510835
569268
533452
533452
499889
522021
458400
303744
581733
324138
478695
557070
581733
324138
303744
331236
581733
303744
522021
499889
310395
324138
533452
522021
317192
607489
489178
317192
331236
594472
557070
317192
331236
331236
545133
317192
545133
557070
338489
331236
545133
324138
331236
581733
489178
557070
557070
557070
317192
338489
533452
545133
499889
303744
581733
303744
324138
458400
317192
510835
458400
522021
338489
533452
581733
545133
331236
499889
510835
338489
607489
594472
510835
557070
569268
594472
533452
594472
510835
510835
317192
499889
545133
499889
620791
324138
324138
594472
338489
324138
478695
557070
533452
545133
331236
545133
533452
533452
533452
317192
324138
522021
338489
510835
324138
522021
557070
290866
545133
533452
620791
557070
297236
533452
297236
569268
510835
338489
594472
324138
338489
303744
557070
533452
297236
510835
607489
569268
545133
303744
338489
569268
499889
331236
557070
303744
569268
510835
510835
331236
478695
545133
310395
533452
338489
297236
533452
338489
290866
310395
499889
499889
569268
331236
545133
545133
557070
317192
522021
489178
310395
545133
338489
569268
489178
522021
303744
468438
310395
499889
533452
338489
607489
478695
533452
331236
303744
522021
545133
272566
338489
522021
331236
607489
594472
522021
331236
510835
522021
303744
545133
331236
324138
557070
557070
545133
557070
533452
468438
310395
338489
594472
297236
557070
581733
522021
478695
324138
297236
331236
662472
499889
533452
581733
522021
331236
594472
324138
317192
533452
324138
594472
317192
569268
545133
569268
338489
533452
594472
338489
338489
489178
557070
522021
303744
324138
338489
478695
557070
545133
458400
533452
338489
607489
545133
331236
338489
338489
545133
557070
522021
545133
581733
557070
545133
489178
331236
499889
522021
331236
338489
581733
510835
317192
310395
545133
324138
317192
297236
581733
324138
331236
557070
569268
594472
569268
545133
310395
620791
338489
522021
331236
569268
272566
489178
310395
522021
569268
310395
478695
338489
557070
324138
310395
303744
297236
522021
634385
557070
594472
607489
533452
499889
331236
569268
499889
