338489
310395
297236
545133
338489
297236
303744
310395
297236
317192
331236
331236
303744
510835
499889
310395
266726
338489
284634
272566
303744
317192
594472
499889
297236
297236
310395
324138
489178
324138
290866
533452
290866
310395
272566
297236
290866
545133
522021
324138
522021
522021
303744
581733
284634
317192
297236
331236
317192
303744
331236
266726
317192
533452
278535
297236
290866
290866
634385
310395
338489
533452
522021
324138
272566
594472
290866
317192
324138
272566
331236
324138
510835
338489
331236
331236
317192
331236
310395
324138
303744
499889
331236
522021
317192
522021
284634
278535
297236
338489
310395
331236
303744
310395
272566
331236
266726
303744
284634
310395
310395
324138
310395
338489
297236
324138
290866
338489
297236
284634
317192
324138
338489
317192
324138
338489
338489
522021
303744
338489
324138
338489
317192
331236
297236
331236
261010
278535
331236
290866
290866
297236
324138
317192
438966
338489
331236
499889
266726
533452
324138
317192
331236
284634
303744
297236
338489
310395
297236
557070
338489
303744
297236
303744
297236
338489
533452
290866
284634
290866
290866
290866
522021
303744
278535
317192
290866
331236
310395
324138
557070
266726
317192
499889
284634
324138
331236
310395
331236
478695
310395
438966
324138
331236
448578
317192
317192
310395
303744
478695
324138
438966
331236
272566
310395
338489
272566
324138
533452
278535
303744
303744
284634
331236
324138
310395
331236
338489
324138
310395
338489
331236
297236
290866
284634
261010
499889
557070
303744
290866
317192
331236
569268
533452
272566
338489
278535
310395
324138
261010
317192
331236
324138
297236
338489
545133
338489
272566
290866
297236
499889
324138
324138
284634
310395
324138
317192
272566
331236
290866
545133
478695
272566
284634
297236
324138
324138
297236
290866
489178
522021
522021
303744
331236
272566
290866
331236
297236
310395
297236
569268
324138
331236
338489
331236
278535
303744
272566
310395
303744
499889
297236
310395
545133
331236
284634
317192
297236
310395
284634
297236
310395
331236
284634
278535
284634
303744
317192
338489
310395
303744
317192
297236
290866
317192
310395
489178
478695
310395
310395
324138
338489
310395
310395
324138
331236
338489
317192
522021
522021
317192
317192
303744
545133
290866
338489
297236
338489
310395
290866
324138
266726
510835
297236
338489
338489
284634
303744
278535
290866
310395
278535
284634
324138
324138
303744
522021
317192
338489
533452
331236
303744
324138
303744
324138
331236
331236
557070
522021
324138
499889
331236
290866
569268
331236
297236
331236
317192
324138
278535
310395
468438
338489
297236
338489
607489
284634
324138
522021
331236
290866
499889
324138
317192
310395
545133
331236
303744
310395
338489
317192
331236
331236
338489
297236
317192
510835
297236
331236
324138
310395
290866
331236
489178
284634
324138
489178
331236
581733
331236
284634
338489
297236
290866
331236
331236
303744
338489
290866
317192
317192
290866
510835
303744
317192
324138
249944
324138
317192
317192
331236
239347
297236
310395
324138
310395
303744
303744
310395
290866
324138
310395
331236
324138
266726
338489
290866
338489
261010
324138
303744
284634
284634
297236
317192
290866
249944
284634
317192
290866
310395
338489
278535
338489
522021
278535
317192
284634
278535
331236
284634
278535
324138
303744
310395
338489
310395
317192
290866
338489
303744
324138
331236
266726
499889
297236
557070
478695
297236
499889
278535
272566
533452
272566
290866
278535
303744
303744
338489
557070
557070
338489
297236
297236
317192
297236
522021
266726
290866
324138
317192
297236
331236
310395
533452
310395
545133
338489
317192
317192
310395
317192
290866
331236
278535
499889
569268
324138
303744
303744
255417
278535
290866
317192
581733
324138
297236
303744
522021
331236
272566
303744
522021
297236
278535
284634
499889
310395
499889
303744
317192
331236
499889
522021
317192
324138
303744
569268
290866
331236
310395
290866
499889
324138
338489
284634
297236
324138
310395
545133
324138
310395
499889
317192
284634
338489
557070
331236
522021
284634
317192
338489
338489
557070
331236
324138
331236
634385
324138
331236
324138
303744
303744
284634
338489
310395
310395
266726
324138
310395
468438
303744
290866
297236
317192
290866
303744
272566
303744
581733
284634
331236
303744
331236
324138
310395
510835
284634
510835
303744
317192
303744
338489
297236
297236
324138
331236
261010
303744
284634
317192
317192
324138
284634
331236
331236
284634
324138
284634
278535
297236
272566
278535
331236
331236
557070
310395
557070
510835
317192
338489
317192
338489
324138
303744
338489
581733
499889
266726
331236
331236
310395
310395
303744
310395
324138
297236
297236
499889
545133
331236
317192
324138
338489
290866
331236
303744
331236
303744
499889
331236
297236
303744
272566
290866
266726
324138
284634
303744
324138
510835
324138
331236
522021
317192
297236
338489
310395
331236
338489
297236
557070
272566
284634
468438
510835
331236
303744
297236
284634
545133
310395
297236
331236
338489
310395
317192
607489
303744
510835
303744
303744
317192
338489
284634
331236
510835
310395
499889
607489
278535
317192
303744
266726
310395
533452
331236
303744
272566
310395
338489
297236
290866
557070
266726
303744
284634
310395
266726
533452
297236
478695
533452
272566
545133
278535
303744
297236
290866
310395
499889
317192
324138
290866
303744
324138
581733
429559
338489
324138
284634
317192
478695
594472
468438
278535
290866
510835
317192
317192
303744
324138
290866
290866
303744
310395
303744
310395
278535
303744
297236
261010
331236
338489
303744
272566
324138
331236
557070
338489
489178
303744
303744
290866
324138
324138
297236
297236
272566
297236
324138
310395
310395
510835
303744
284634
338489
522021
317192
297236
331236
324138
331236
317192
297236
569268
310395
324138
338489
338489
278535
290866
310395
284634
317192
478695
284634
272566
331236
303744
303744
545133
324138
284634
266726
303744
338489
317192
324138
331236
261010
317192
533452
278535
303744
533452
310395
338489
317192
317192
557070
303744
272566
569268
317192
310395
290866
522021
331236
303744
338489
310395
317192
284634
331236
290866
310395
310395
297236
297236
266726
303744
261010
284634
272566
533452
317192
324138
278535
557070
284634
284634
303744
290866
331236
533452
499889
317192
489178
297236
303744
278535
317192
338489
310395
297236
290866
303744
290866
324138
310395
545133
324138
284634
338489
310395
278535
338489
522021
324138
522021
317192
290866
324138
284634
266726
297236
499889
324138
290866
510835
331236
324138
510835
338489
331236
338489
290866
331236
303744
272566
478695
331236
499889
533452
331236
324138
545133
266726
324138
249944
284634
303744
297236
569268
522021
317192
297236
317192
338489
284634
303744
522021
284634
278535
290866
317192
522021
284634
310395
468438
324138
297236
310395
284634
317192
533452
545133
284634
331236
297236
533452
272566
310395
266726
303744
297236
297236
278535
297236
331236
331236
310395
290866
331236
533452
331236
522021
290866
489178
