510835
310395
533452
533452
338489
338489
317192
324138
324138
303744
510835
533452
489178
569268
324138
331236
303744
261010
338489
522021
331236
303744
290866
303744
317192
324138
331236
284634
317192
338489
317192
261010
569268
290866
522021
510835
533452
297236
522021
324138
297236
331236
499889
338489
324138
272566
533452
545133
324138
522021
338489
284634
303744
533452
569268
510835
297236
284634
331236
324138
448578
310395
310395
297236
338489
338489
324138
310395
310395
448578
272566
557070
607489
310395
545133
557070
331236
557070
522021
310395
331236
510835
290866
338489
545133
297236
324138
338489
545133
338489
499889
303744
297236
545133
338489
324138
510835
324138
533452
310395
303744
533452
290866
324138
533452
284634
303744
557070
297236
324138
522021
317192
338489
317192
310395
499889
331236
297236
290866
310395
545133
338489
338489
331236
331236
499889
324138
266726
338489
545133
317192
331236
522021
331236
284634
557070
324138
499889
331236
510835
338489
297236
545133
324138
545133
499889
324138
297236
303744
338489
297236
278535
310395
261010
255417
310395
499889
478695
261010
569268
303744
310395
310395
317192
581733
310395
569268
557070
303744
324138
284634
317192
510835
324138
324138
331236
303744
510835
478695
594472
557070
284634
557070
557070
290866
324138
557070
569268
331236
324138
489178
290866
317192
317192
338489
557070
310395
581733
522021
569268
569268
557070
331236
317192
331236
331236
438966
499889
510835
533452
338489
489178
533452
290866
297236
284634
290866
290866
569268
324138
338489
310395
510835
303744
569268
284634
324138
324138
303744
303744
522021
303744
303744
468438
545133
324138
310395
310395
581733
533452
284634
324138
331236
569268
317192
303744
297236
324138
545133
310395
557070
338489
310395
569268
272566
338489
533452
331236
331236
331236
338489
297236
338489
310395
331236
557070
317192
499889
324138
324138
331236
338489
324138
317192
303744
310395
310395
533452
338489
338489
522021
489178
522021
545133
310395
557070
284634
310395
297236
545133
317192
331236
331236
310395
297236
634385
522021
331236
317192
545133
489178
522021
581733
338489
331236
557070
338489
338489
510835
272566
310395
545133
303744
310395
310395
331236
303744
533452
607489
317192
317192
290866
510835
278535
581733
510835
272566
478695
569268
310395
317192
468438
310395
310395
310395
581733
310395
331236
261010
522021
317192
303744
331236
331236
338489
324138
310395
290866
331236
317192
324138
324138
331236
489178
557070
331236
331236
510835
324138
662472
557070
510835
324138
310395
338489
290866
581733
331236
317192
569268
310395
522021
310395
324138
324138
545133
303744
303744
284634
533452
317192
338489
310395
499889
510835
594472
545133
331236
317192
458400
303744
284634
324138
594472
324138
317192
489178
310395
303744
510835
310395
297236
331236
338489
338489
545133
533452
284634
317192
557070
297236
317192
317192
266726
303744
303744
317192
489178
331236
303744
331236
557070
557070
310395
310395
489178
458400
317192
310395
331236
338489
324138
310395
594472
297236
338489
324138
557070
331236
499889
317192
331236
594472
317192
331236
317192
499889
303744
303744
510835
594472
338489
331236
303744
489178
331236
324138
545133
310395
310395
569268
284634
317192
317192
331236
478695
331236
594472
569268
310395
317192
317192
303744
545133
581733
338489
607489
581733
338489
317192
324138
338489
545133
545133
533452
557070
331236
272566
278535
338489
324138
303744
569268
297236
310395
581733
545133
478695
324138
522021
317192
324138
290866
290866
533452
338489
324138
303744
317192
331236
317192
468438
303744
331236
533452
557070
458400
557070
331236
303744
310395
324138
533452
317192
338489
338489
331236
533452
303744
324138
545133
331236
489178
310395
557070
557070
297236
317192
317192
317192
303744
331236
533452
594472
581733
310395
545133
533452
533452
607489
510835
310395
324138
324138
317192
594472
324138
317192
338489
331236
510835
331236
266726
499889
303744
499889
310395
317192
581733
324138
310395
331236
331236
324138
290866
489178
303744
581733
545133
284634
448578
317192
499889
620791
545133
317192
310395
499889
499889
317192
297236
310395
581733
338489
310395
310395
310395
545133
324138
338489
331236
317192
338489
338489
324138
297236
338489
489178
303744
522021
569268
297236
297236
317192
310395
317192
317192
303744
324138
594472
324138
317192
569268
278535
338489
510835
324138
324138
303744
331236
331236
569268
297236
317192
510835
331236
338489
324138
278535
545133
331236
290866
303744
317192
290866
533452
557070
510835
290866
557070
266726
290866
331236
317192
338489
499889
522021
317192
297236
569268
499889
557070
489178
533452
297236
545133
317192
310395
331236
522021
522021
310395
324138
297236
324138
297236
324138
303744
324138
317192
338489
338489
557070
533452
331236
533452
557070
317192
331236
284634
499889
581733
310395
338489
317192
303744
317192
303744
317192
284634
331236
331236
510835
297236
533452
533452
324138
331236
468438
310395
290866
533452
522021
324138
290866
317192
331236
317192
317192
303744
324138
557070
310395
297236
331236
569268
297236
284634
290866
303744
324138
510835
284634
284634
338489
266726
290866
634385
317192
324138
545133
284634
338489
310395
317192
331236
317192
317192
310395
545133
522021
522021
331236
324138
438966
297236
499889
458400
317192
510835
545133
533452
338489
338489
510835
310395
338489
297236
522021
324138
448578
324138
338489
331236
310395
297236
284634
581733
297236
510835
338489
317192
581733
331236
303744
557070
478695
324138
290866
310395
533452
266726
545133
317192
331236
324138
317192
545133
324138
324138
458400
510835
317192
545133
533452
297236
324138
290866
310395
303744
331236
522021
338489
324138
290866
533452
331236
303744
510835
303744
569268
338489
499889
557070
290866
284634
522021
545133
290866
338489
310395
510835
310395
261010
317192
331236
331236
317192
338489
338489
290866
310395
284634
317192
338489
303744
338489
317192
338489
324138
338489
338489
338489
569268
310395
338489
545133
338489
338489
303744
545133
338489
317192
317192
338489
478695
338489
338489
338489
324138
297236
338489
297236
510835
272566
510835
317192
522021
331236
545133
533452
510835
331236
290866
331236
317192
303744
338489
310395
522021
324138
303744
290866
331236
557070
331236
303744
533452
310395
324138
545133
324138
303744
331236
338489
489178
303744
338489
317192
284634
317192
331236
331236
545133
317192
310395
290866
338489
303744
331236
448578
324138
510835
317192
338489
522021
331236
545133
290866
338489
510835
317192
303744
310395
522021
499889
545133
324138
317192
338489
533452
297236
510835
510835
331236
290866
317192
331236
499889
331236
317192
290866
331236
331236
324138
290866
569268
278535
545133
594472
338489
522021
557070
303744
303744
510835
581733
324138
317192
338489
290866
261010
324138
545133
317192
533452
569268
545133
338489
533452
310395
331236
331236
545133
489178
338489
607489
331236
284634
331236
331236
338489
620791
310395
290866
510835
324138
522021
324138
290866
