620791
533452
338489
557070
607489
324138
533452
607489
510835
338489
557070
533452
533452
594472
331236
499889
331236
545133
594472
522021
557070
324138
331236
557070
297236
581733
545133
569268
569268
557070
499889
522021
581733
557070
499889
607489
297236
545133
510835
478695
478695
545133
620791
545133
522021
545133
510835
648276
331236
331236
569268
569268
317192
581733
607489
557070
620791
317192
324138
290866
338489
557070
522021
331236
331236
331236
324138
545133
290866
557070
489178
278535
594472
522021
557070
533452
303744
557070
489178
317192
545133
458400
510835
317192
331236
569268
510835
594472
338489
533452
607489
468438
533452
324138
545133
533452
338489
545133
331236
569268
489178
499889
510835
489178
324138
545133
607489
338489
557070
594472
545133
569268
338489
324138
533452
324138
338489
303744
338489
338489
533452
557070
533452
522021
533452
303744
522021
338489
569268
499889
569268
317192
499889
569268
303744
545133
338489
489178
545133
310395
569268
303744
545133
510835
331236
297236
634385
489178
533452
338489
533452
607489
290866
545133
557070
489178
324138
581733
317192
569268
557070
522021
522021
557070
478695
569268
324138
522021
489178
522021
317192
545133
317192
338489
290866
331236
317192
533452
557070
522021
310395
324138
324138
594472
533452
569268
545133
499889
338489
499889
557070
324138
557070
569268
317192
533452
594472
545133
317192
581733
310395
557070
533452
569268
557070
522021
510835
303744
489178
594472
557070
569268
522021
545133
648276
569268
317192
331236
338489
458400
522021
522021
634385
533452
569268
290866
317192
324138
338489
545133
607489
331236
489178
594472
569268
310395
581733
569268
317192
569268
522021
338489
510835
607489
545133
331236
581733
607489
324138
499889
581733
510835
331236
338489
310395
331236
557070
607489
557070
594472
510835
533452
569268
545133
522021
569268
317192
510835
468438
557070
317192
533452
338489
510835
545133
581733
581733
310395
324138
581733
489178
499889
557070
510835
522021
510835
331236
448578
338489
510835
499889
607489
338489
533452
648276
533452
522021
569268
594472
489178
594472
545133
317192
607489
557070
557070
284634
338489
569268
533452
569268
338489
297236
607489
569268
448578
478695
569268
297236
594472
338489
533452
557070
510835
557070
557070
331236
324138
634385
557070
510835
533452
338489
317192
499889
331236
545133
522021
522021
331236
458400
533452
545133
510835
489178
533452
557070
557070
569268
676978
557070
510835
468438
522021
581733
338489
533452
331236
545133
533452
522021
317192
594472
489178
522021
594472
324138
545133
533452
499889
594472
581733
545133
545133
557070
338489
331236
545133
338489
557070
545133
303744
522021
533452
510835
338489
545133
510835
607489
317192
489178
594472
331236
557070
324138
331236
545133
533452
499889
569268
324138
569268
533452
324138
557070
317192
510835
324138
594472
569268
324138
634385
310395
557070
634385
533452
499889
331236
545133
569268
581733
522021
510835
331236
324138
581733
557070
510835
303744
499889
324138
607489
331236
331236
676978
317192
303744
533452
510835
317192
634385
522021
489178
458400
331236
522021
569268
607489
594472
338489
533452
545133
510835
533452
569268
522021
557070
297236
317192
499889
510835
331236
303744
581733
317192
499889
510835
533452
499889
545133
569268
569268
545133
557070
317192
607489
499889
489178
510835
594472
557070
522021
557070
607489
297236
331236
533452
545133
557070
557070
648276
310395
317192
545133
557070
489178
338489
581733
331236
620791
594472
458400
499889
533452
620791
594472
557070
331236
581733
569268
581733
303744
545133
331236
557070
324138
557070
331236
478695
594472
324138
499889
310395
581733
317192
607489
331236
338489
557070
522021
569268
522021
310395
581733
533452
317192
331236
545133
676978
581733
310395
545133
489178
569268
545133
324138
594472
331236
533452
338489
557070
510835
545133
331236
545133
545133
545133
569268
522021
331236
338489
569268
533452
290866
303744
569268
499889
317192
607489
594472
489178
581733
533452
338489
557070
581733
557070
545133
607489
545133
478695
338489
499889
522021
317192
331236
594472
499889
499889
545133
533452
662472
557070
499889
324138
261010
324138
510835
331236
510835
499889
499889
324138
489178
594472
331236
317192
594472
522021
338489
533452
510835
545133
331236
303744
545133
331236
522021
569268
522021
324138
545133
533452
545133
557070
594472
317192
324138
522021
607489
331236
545133
607489
331236
303744
522021
310395
545133
581733
478695
338489
620791
317192
569268
331236
557070
499889
594472
510835
303744
468438
338489
324138
557070
499889
620791
331236
331236
620791
499889
284634
290866
533452
545133
303744
331236
510835
324138
581733
581733
331236
634385
499889
468438
324138
522021
324138
338489
533452
648276
533452
522021
468438
331236
331236
499889
499889
489178
594472
569268
557070
324138
569268
533452
545133
557070
522021
499889
557070
338489
303744
338489
557070
331236
545133
533452
607489
545133
331236
581733
557070
522021
324138
662472
261010
581733
510835
489178
489178
594472
533452
338489
522021
522021
594472
557070
310395
324138
331236
533452
533452
533452
331236
499889
569268
338489
331236
338489
594472
557070
557070
545133
317192
468438
324138
499889
338489
533452
533452
338489
317192
594472
557070
557070
338489
522021
331236
338489
324138
468438
522021
338489
499889
324138
533452
324138
648276
338489
338489
581733
581733
489178
324138
510835
533452
581733
338489
522021
569268
522021
545133
331236
331236
510835
310395
510835
533452
510835
557070
581733
499889
338489
324138
557070
499889
533452
489178
545133
317192
331236
569268
607489
468438
499889
620791
533452
522021
569268
324138
569268
533452
324138
331236
522021
448578
317192
594472
569268
499889
499889
581733
324138
331236
331236
510835
499889
489178
533452
478695
676978
468438
510835
557070
557070
338489
533452
499889
545133
338489
557070
581733
522021
522021
648276
331236
338489
557070
557070
581733
317192
310395
581733
338489
317192
303744
324138
648276
569268
533452
557070
557070
522021
676978
338489
310395
522021
278535
499889
607489
499889
662472
607489
569268
545133
317192
594472
569268
458400
581733
607489
338489
331236
499889
331236
607489
545133
533452
569268
569268
557070
324138
338489
557070
338489
310395
569268
331236
338489
290866
310395
557070
533452
317192
581733
581733
607489
324138
338489
522021
522021
594472
522021
338489
545133
522021
489178
557070
331236
331236
338489
569268
331236
533452
303744
607489
522021
569268
557070
557070
499889
324138
545133
522021
557070
557070
310395
522021
510835
303744
303744
581733
338489
545133
284634
634385
522021
324138
545133
310395
510835
620791
297236
545133
338489
545133
581733
557070
489178
522021
620791
533452
489178
499889
569268
594472
310395
338489
331236
533452
569268
317192
324138
317192
338489
324138
545133
533452
607489
338489
338489
499889
510835
499889
324138
317192
324138
510835
522021
478695
569268
522021
338489
569268
533452
324138
499889
533452
522021
522021
317192
