569268
297236
297236
284634
297236
581733
303744
338489
468438
310395
297236
324138
331236
569268
317192
310395
317192
278535
478695
510835
303744
522021
331236
317192
331236
510835
331236
310395
272566
297236
338489
310395
297236
557070
324138
331236
297236
324138
297236
338489
317192
468438
533452
284634
533452
310395
324138
290866
533452
338489
331236
331236
297236
303744
522021
303744
324138
297236
278535
317192
338489
648276
324138
338489
324138
303744
324138
284634
581733
510835
303744
317192
510835
489178
317192
297236
522021
278535
297236
310395
581733
317192
478695
303744
324138
324138
310395
338489
533452
489178
303744
324138
331236
290866
338489
317192
303744
297236
317192
331236
338489
324138
297236
324138
331236
581733
338489
324138
545133
266726
468438
310395
310395
594472
324138
317192
331236
324138
331236
297236
317192
284634
338489
533452
331236
297236
338489
338489
338489
499889
324138
510835
468438
499889
310395
522021
310395
324138
324138
261010
331236
489178
303744
324138
557070
324138
310395
297236
310395
303744
284634
317192
324138
297236
489178
569268
290866
290866
499889
545133
278535
303744
317192
266726
290866
310395
338489
310395
510835
331236
331236
310395
303744
489178
278535
510835
324138
338489
317192
303744
331236
533452
324138
317192
522021
284634
303744
545133
533452
310395
324138
303744
324138
510835
324138
284634
522021
303744
317192
310395
310395
324138
324138
522021
331236
278535
499889
338489
297236
522021
324138
297236
522021
620791
261010
310395
310395
324138
499889
297236
331236
522021
317192
338489
290866
303744
317192
310395
338489
533452
310395
594472
297236
324138
297236
317192
338489
310395
297236
522021
324138
331236
297236
266726
284634
331236
303744
303744
297236
310395
557070
338489
331236
324138
324138
522021
478695
272566
317192
290866
317192
557070
317192
317192
303744
594472
331236
468438
297236
331236
545133
324138
489178
510835
310395
284634
278535
290866
324138
331236
303744
310395
338489
569268
338489
310395
278535
489178
569268
317192
303744
338489
310395
331236
303744
317192
297236
303744
290866
297236
324138
581733
338489
303744
324138
522021
522021
338489
545133
499889
284634
284634
338489
317192
338489
310395
290866
290866
499889
297236
338489
303744
458400
310395
324138
324138
310395
331236
310395
324138
303744
303744
324138
331236
290866
338489
278535
338489
594472
278535
303744
310395
290866
499889
569268
324138
297236
310395
533452
331236
338489
297236
317192
324138
338489
310395
284634
303744
338489
303744
290866
317192
510835
297236
297236
331236
324138
310395
303744
324138
303744
331236
310395
522021
557070
297236
310395
284634
545133
297236
310395
290866
522021
557070
272566
522021
266726
557070
278535
510835
290866
278535
569268
310395
557070
331236
310395
324138
338489
324138
310395
310395
266726
533452
317192
317192
284634
310395
317192
310395
310395
533452
317192
272566
545133
290866
266726
284634
310395
278535
338489
324138
338489
499889
284634
331236
310395
569268
317192
317192
303744
310395
468438
284634
522021
338489
489178
317192
290866
310395
317192
272566
310395
310395
331236
317192
317192
338489
290866
338489
458400
338489
545133
533452
331236
272566
324138
284634
510835
557070
303744
338489
303744
310395
331236
278535
317192
278535
338489
331236
557070
284634
284634
545133
297236
478695
331236
324138
310395
290866
331236
331236
310395
272566
278535
338489
317192
303744
310395
331236
510835
545133
533452
317192
310395
533452
297236
266726
303744
297236
324138
331236
284634
297236
310395
324138
297236
266726
581733
607489
297236
557070
317192
324138
324138
303744
499889
303744
303744
310395
510835
545133
510835
331236
317192
324138
438966
278535
510835
317192
478695
489178
522021
310395
533452
303744
297236
510835
310395
310395
338489
489178
303744
324138
290866
310395
303744
303744
284634
303744
310395
324138
303744
478695
338489
594472
557070
290866
290866
557070
331236
317192
297236
284634
522021
249944
317192
533452
324138
324138
331236
499889
278535
317192
297236
338489
533452
310395
510835
338489
290866
310395
284634
278535
284634
331236
303744
331236
310395
317192
297236
284634
331236
303744
338489
272566
607489
331236
324138
533452
284634
255417
310395
324138
499889
297236
303744
324138
324138
284634
272566
303744
545133
303744
331236
510835
297236
303744
272566
324138
290866
310395
310395
324138
290866
290866
338489
317192
489178
499889
297236
324138
310395
317192
317192
331236
533452
310395
317192
317192
331236
310395
310395
510835
324138
338489
310395
310395
303744
297236
331236
303744
331236
278535
317192
510835
510835
317192
338489
317192
324138
478695
310395
284634
331236
297236
317192
317192
331236
310395
338489
278535
290866
317192
290866
545133
297236
317192
545133
317192
522021
331236
545133
284634
581733
310395
489178
324138
303744
310395
338489
278535
317192
331236
510835
522021
290866
303744
278535
545133
310395
297236
310395
324138
297236
297236
317192
297236
522021
331236
569268
290866
324138
478695
303744
331236
303744
489178
510835
317192
499889
331236
324138
607489
324138
290866
499889
569268
317192
284634
278535
510835
338489
510835
569268
278535
317192
324138
324138
278535
272566
545133
278535
522021
607489
310395
533452
297236
331236
297236
545133
533452
317192
331236
284634
310395
284634
303744
290866
324138
297236
533452
331236
557070
310395
338489
272566
522021
297236
310395
499889
310395
489178
522021
303744
278535
303744
317192
324138
331236
310395
278535
331236
338489
297236
545133
310395
284634
324138
317192
261010
324138
272566
510835
290866
284634
317192
290866
272566
324138
545133
331236
310395
317192
284634
522021
489178
284634
310395
317192
297236
324138
310395
303744
284634
303744
338489
522021
297236
324138
317192
272566
310395
278535
557070
290866
324138
278535
272566
331236
522021
297236
324138
569268
338489
297236
290866
324138
338489
510835
533452
297236
522021
266726
324138
331236
324138
278535
272566
338489
317192
510835
297236
303744
303744
324138
468438
297236
338489
278535
331236
310395
581733
317192
266726
510835
317192
510835
522021
310395
317192
310395
510835
338489
297236
324138
284634
324138
324138
331236
338489
266726
317192
303744
317192
331236
331236
510835
261010
317192
290866
545133
284634
272566
324138
338489
594472
303744
331236
310395
297236
510835
338489
284634
317192
272566
331236
331236
489178
317192
310395
324138
522021
297236
297236
338489
297236
297236
324138
522021
331236
310395
338489
317192
284634
297236
317192
324138
310395
324138
290866
338489
272566
310395
310395
297236
303744
310395
557070
569268
489178
278535
310395
324138
331236
303744
478695
324138
297236
297236
545133
297236
557070
310395
278535
290866
310395
303744
324138
331236
297236
310395
278535
338489
310395
338489
331236
499889
317192
290866
468438
331236
557070
324138
331236
522021
310395
284634
545133
317192
499889
324138
522021
303744
317192
545133
338489
303744
303744
310395
331236
317192
338489
331236
303744
290866
533452
338489
290866
510835
