510835
522021
338489
303744
310395
303744
522021
338489
324138
324138
338489
317192
569268
533452
545133
303744
510835
331236
331236
569268
499889
557070
620791
317192
569268
478695
310395
533452
338489
317192
303744
331236
545133
317192
317192
297236
297236
545133
338489
284634
438966
581733
297236
338489
331236
338489
557070
557070
317192
557070
317192
545133
510835
317192
533452
533452
261010
266726
331236
522021
569268
290866
338489
331236
331236
522021
297236
310395
338489
278535
324138
510835
533452
545133
569268
522021
510835
338489
324138
317192
331236
581733
569268
303744
533452
557070
290866
324138
338489
594472
317192
310395
557070
510835
338489
594472
331236
324138
522021
317192
303744
581733
489178
338489
317192
317192
290866
533452
278535
557070
533452
581733
297236
533452
324138
331236
317192
338489
557070
478695
648276
284634
468438
522021
478695
324138
317192
569268
338489
533452
303744
533452
338489
533452
338489
489178
331236
338489
317192
317192
510835
594472
331236
594472
557070
468438
310395
284634
338489
557070
303744
331236
303744
331236
331236
317192
510835
510835
522021
317192
284634
594472
310395
338489
338489
331236
338489
533452
545133
338489
545133
458400
331236
303744
338489
522021
522021
533452
594472
284634
324138
545133
522021
310395
303744
533452
331236
569268
489178
317192
338489
331236
489178
303744
297236
510835
331236
331236
338489
581733
324138
557070
338489
557070
510835
545133
303744
317192
499889
317192
569268
303744
290866
303744
510835
324138
545133
569268
331236
581733
324138
310395
522021
499889
331236
338489
594472
290866
338489
533452
317192
278535
607489
324138
545133
499889
278535
324138
284634
331236
533452
310395
297236
310395
545133
522021
338489
331236
510835
557070
290866
303744
533452
317192
338489
545133
569268
303744
310395
569268
510835
297236
510835
331236
468438
557070
324138
545133
510835
278535
310395
338489
607489
266726
338489
290866
297236
310395
569268
545133
284634
581733
284634
317192
310395
557070
545133
522021
338489
310395
545133
284634
545133
522021
324138
331236
569268
297236
533452
324138
557070
557070
489178
545133
297236
533452
557070
581733
499889
338489
533452
324138
317192
297236
533452
338489
533452
594472
338489
557070
607489
522021
303744
557070
522021
324138
499889
510835
594472
581733
557070
310395
317192
278535
310395
290866
569268
569268
545133
499889
338489
310395
620791
297236
545133
297236
297236
545133
324138
324138
499889
545133
310395
338489
317192
545133
331236
303744
338489
303744
545133
324138
310395
317192
338489
331236
545133
594472
338489
338489
310395
533452
499889
510835
331236
499889
557070
297236
338489
499889
499889
499889
499889
338489
303744
310395
557070
324138
324138
317192
317192
303744
557070
489178
331236
545133
499889
533452
533452
310395
338489
324138
324138
338489
317192
557070
522021
594472
303744
634385
569268
510835
545133
557070
338489
533452
338489
522021
317192
338489
581733
533452
310395
317192
557070
317192
533452
324138
569268
310395
581733
533452
338489
338489
324138
272566
594472
557070
324138
338489
331236
331236
510835
510835
324138
317192
499889
607489
545133
499889
290866
331236
303744
533452
545133
489178
310395
331236
310395
478695
317192
331236
317192
489178
324138
545133
338489
557070
533452
545133
557070
545133
338489
303744
331236
522021
569268
522021
533452
317192
331236
522021
499889
499889
522021
545133
510835
297236
581733
303744
510835
324138
533452
499889
569268
533452
317192
310395
557070
297236
324138
533452
331236
533452
569268
324138
331236
317192
338489
303744
317192
533452
533452
533452
317192
317192
499889
569268
317192
338489
317192
303744
290866
510835
338489
310395
317192
557070
557070
533452
317192
545133
331236
478695
310395
324138
545133
489178
317192
594472
324138
331236
569268
324138
489178
338489
331236
510835
557070
290866
533452
489178
310395
324138
317192
338489
522021
317192
324138
522021
522021
545133
522021
297236
545133
331236
297236
317192
545133
468438
303744
594472
557070
310395
278535
310395
557070
581733
545133
620791
324138
522021
489178
557070
338489
522021
557070
303744
569268
331236
284634
290866
324138
499889
297236
557070
310395
324138
317192
545133
324138
317192
338489
331236
310395
317192
545133
533452
533452
303744
331236
533452
331236
510835
331236
581733
331236
478695
533452
620791
303744
278535
331236
545133
317192
338489
545133
634385
331236
331236
331236
594472
499889
303744
545133
545133
303744
317192
324138
510835
317192
499889
522021
607489
290866
569268
499889
581733
620791
545133
338489
297236
510835
331236
533452
310395
317192
557070
303744
499889
317192
324138
468438
499889
533452
310395
581733
317192
324138
310395
310395
331236
581733
510835
317192
569268
338489
331236
338489
324138
581733
569268
557070
310395
545133
317192
557070
331236
317192
594472
317192
324138
297236
324138
545133
324138
533452
331236
310395
545133
317192
569268
290866
338489
317192
310395
581733
310395
303744
284634
297236
545133
324138
310395
569268
569268
317192
545133
290866
545133
522021
510835
317192
331236
317192
545133
338489
290866
489178
478695
310395
499889
297236
533452
324138
324138
317192
338489
338489
522021
607489
533452
324138
303744
266726
324138
510835
324138
317192
510835
510835
331236
331236
458400
581733
338489
338489
317192
569268
331236
324138
533452
499889
522021
303744
317192
338489
303744
569268
317192
569268
331236
522021
581733
569268
545133
489178
522021
522021
284634
338489
297236
557070
557070
522021
303744
557070
310395
297236
533452
310395
522021
338489
489178
290866
557070
324138
489178
331236
458400
331236
489178
331236
489178
284634
310395
489178
499889
338489
297236
522021
569268
317192
317192
607489
510835
317192
284634
303744
468438
338489
317192
338489
499889
272566
331236
581733
607489
331236
581733
324138
324138
317192
331236
310395
324138
297236
557070
581733
557070
303744
468438
331236
303744
545133
448578
338489
510835
522021
533452
317192
324138
290866
594472
290866
557070
557070
338489
331236
331236
338489
317192
317192
448578
545133
510835
489178
533452
545133
489178
290866
569268
522021
338489
290866
338489
331236
303744
569268
468438
510835
499889
510835
545133
297236
338489
338489
448578
533452
533452
290866
310395
290866
303744
324138
468438
317192
310395
468438
569268
303744
317192
489178
290866
331236
594472
478695
545133
297236
310395
338489
510835
317192
324138
533452
468438
297236
324138
581733
522021
331236
478695
324138
317192
317192
310395
310395
478695
331236
324138
324138
297236
522021
331236
303744
569268
297236
317192
557070
557070
533452
310395
499889
324138
533452
331236
317192
533452
510835
533452
317192
297236
569268
324138
499889
266726
545133
533452
338489
557070
557070
303744
522021
266726
522021
317192
338489
338489
317192
331236
429559
310395
557070
297236
545133
324138
324138
338489
324138
545133
545133
303744
569268
607489
478695
284634
510835
478695
290866
317192
324138
331236
533452
510835
297236
533452
478695
317192
499889
533452
