569268
338489
557070
338489
569268
499889
662472
317192
569268
581733
317192
594472
569268
545133
569268
489178
331236
468438
620791
557070
648276
581733
607489
594472
545133
324138
557070
324138
489178
569268
607489
489178
607489
338489
324138
331236
331236
620791
545133
533452
510835
522021
594472
338489
331236
331236
522021
545133
545133
499889
607489
522021
317192
607489
581733
533452
478695
620791
522021
324138
533452
324138
338489
634385
331236
607489
338489
533452
545133
557070
510835
317192
499889
499889
468438
522021
557070
545133
545133
317192
569268
607489
581733
499889
510835
581733
478695
607489
522021
581733
533452
331236
458400
338489
522021
338489
607489
557070
331236
620791
620791
569268
331236
581733
557070
607489
338489
594472
522021
557070
499889
607489
607489
522021
533452
594472
303744
676978
522021
489178
522021
522021
607489
557070
310395
545133
510835
581733
510835
324138
499889
620791
338489
533452
338489
569268
533452
648276
499889
478695
510835
499889
478695
533452
338489
581733
478695
607489
569268
545133
581733
620791
581733
499889
510835
569268
607489
545133
594472
569268
569268
545133
489178
620791
545133
310395
594472
522021
569268
545133
533452
594472
620791
557070
594472
545133
338489
489178
557070
581733
533452
545133
338489
522021
331236
478695
533452
545133
607489
310395
522021
634385
499889
594472
324138
310395
331236
557070
522021
594472
620791
607489
522021
533452
522021
331236
557070
581733
557070
331236
607489
310395
634385
569268
533452
499889
545133
569268
557070
331236
557070
338489
499889
594472
557070
545133
522021
545133
545133
607489
324138
338489
581733
324138
557070
557070
522021
557070
607489
331236
468438
533452
581733
594472
607489
607489
545133
331236
533452
522021
557070
338489
569268
557070
324138
533452
522021
533452
545133
545133
607489
594472
489178
522021
533452
303744
338489
620791
581733
324138
607489
594472
522021
499889
545133
569268
331236
522021
581733
338489
324138
557070
522021
545133
557070
634385
557070
317192
545133
545133
545133
557070
557070
338489
607489
569268
331236
510835
557070
648276
522021
569268
569268
607489
581733
533452
557070
510835
594472
510835
569268
338489
468438
662472
489178
499889
545133
338489
594472
522021
607489
533452
569268
581733
533452
338489
594472
324138
499889
478695
594472
648276
620791
317192
557070
569268
331236
581733
634385
557070
310395
533452
569268
338489
557070
545133
331236
533452
557070
581733
545133
489178
594472
581733
522021
317192
338489
581733
499889
317192
620791
331236
545133
324138
522021
557070
594472
569268
545133
594472
522021
510835
557070
499889
522021
317192
634385
569268
317192
581733
522021
607489
545133
303744
607489
290866
533452
533452
581733
499889
533452
317192
569268
569268
594472
338489
338489
594472
533452
533452
522021
569268
310395
533452
557070
581733
581733
594472
338489
581733
648276
522021
557070
569268
557070
310395
522021
533452
634385
533452
569268
338489
594472
510835
310395
557070
569268
499889
594472
557070
569268
545133
499889
545133
594472
510835
297236
338489
533452
545133
338489
533452
607489
557070
499889
607489
331236
317192
510835
331236
557070
545133
557070
338489
510835
648276
620791
545133
545133
478695
331236
522021
533452
510835
545133
634385
569268
545133
338489
478695
557070
489178
522021
557070
533452
569268
331236
338489
545133
533452
581733
533452
499889
569268
331236
310395
324138
581733
569268
533452
557070
620791
545133
569268
557070
533452
290866
634385
310395
545133
569268
468438
499889
545133
569268
510835
545133
499889
594472
489178
331236
290866
303744
338489
533452
510835
557070
522021
569268
522021
331236
581733
607489
607489
581733
297236
338489
581733
317192
338489
594472
522021
297236
522021
557070
620791
510835
581733
303744
331236
297236
489178
545133
338489
499889
581733
510835
331236
607489
545133
522021
620791
545133
324138
545133
557070
569268
533452
499889
533452
510835
533452
545133
510835
533452
317192
545133
569268
594472
620791
557070
489178
290866
569268
533452
522021
557070
522021
468438
338489
545133
607489
510835
522021
594472
545133
581733
489178
1044043
607489
533452
331236
489178
331236
478695
607489
569268
338489
522021
607489
533452
324138
522021
569268
448578
533452
557070
522021
557070
458400
569268
324138
545133
569268
557070
581733
331236
620791
569268
533452
510835
662472
303744
533452
594472
607489
581733
297236
533452
338489
297236
594472
324138
1066904
557070
620791
545133
338489
510835
662472
594472
438966
594472
272566
324138
634385
499889
620791
594472
620791
317192
581733
522021
510835
557070
634385
338489
338489
533452
569268
662472
581733
522021
557070
594472
510835
510835
478695
533452
331236
545133
533452
324138
324138
331236
522021
545133
324138
557070
620791
545133
499889
489178
569268
581733
522021
338489
569268
557070
324138
489178
545133
569268
581733
557070
510835
533452
317192
594472
324138
545133
569268
522021
522021
317192
594472
557070
499889
338489
533452
522021
510835
290866
557070
324138
594472
338489
581733
533452
522021
557070
545133
522021
581733
278535
545133
338489
581733
581733
478695
510835
569268
607489
510835
545133
522021
676978
331236
324138
557070
533452
607489
297236
557070
489178
331236
317192
557070
999779
545133
510835
569268
510835
533452
338489
324138
545133
510835
545133
545133
533452
338489
545133
569268
510835
324138
581733
522021
557070
533452
533452
522021
338489
522021
310395
581733
310395
557070
458400
569268
620791
634385
468438
331236
569268
581733
557070
607489
303744
533452
607489
662472
303744
569268
324138
522021
545133
522021
290866
569268
569268
499889
510835
557070
557070
522021
557070
545133
545133
557070
581733
533452
581733
522021
499889
533452
607489
522021
522021
557070
533452
499889
522021
338489
569268
545133
331236
489178
569268
634385
533452
448578
569268
581733
478695
522021
324138
533452
620791
620791
620791
607489
545133
510835
594472
557070
533452
620791
557070
331236
545133
317192
331236
569268
324138
338489
458400
499889
569268
338489
676978
510835
489178
331236
331236
581733
545133
310395
569268
569268
468438
557070
522021
581733
331236
324138
522021
522021
545133
581733
331236
569268
438966
557070
338489
581733
557070
569268
581733
533452
557070
581733
533452
581733
676978
499889
510835
634385
581733
581733
510835
533452
581733
569268
533452
338489
338489
324138
545133
331236
557070
581733
545133
533452
545133
569268
545133
545133
338489
499889
499889
569268
581733
594472
594472
478695
499889
557070
499889
510835
317192
569268
533452
310395
620791
581733
489178
331236
331236
581733
338489
499889
510835
510835
338489
338489
533452
331236
545133
499889
581733
620791
545133
569268
499889
522021
468438
557070
594472
303744
607489
581733
648276
662472
569268
510835
533452
648276
338489
331236
317192
607489
557070
331236
607489
324138
533452
510835
620791
557070
338489
545133
581733
522021
533452
331236
338489
510835
499889
594472
331236
545133
317192
557070
338489
581733
545133
510835
569268
331236
