557070
620791
522021
581733
569268
594472
620791
533452
557070
620791
581733
522021
607489
648276
648276
594472
581733
594472
499889
620791
634385
557070
545133
489178
648276
557070
317192
338489
662472
533452
581733
569268
569268
557070
581733
634385
557070
607489
620791
594472
557070
607489
499889
569268
1138537
545133
662472
545133
620791
634385
662472
557070
489178
581733
607489
569268
648276
648276
662472
594472
594472
569268
499889
569268
648276
594472
569268
557070
317192
499889
1044043
620791
510835
557070
607489
594472
620791
533452
634385
594472
545133
634385
569268
581733
581733
569268
533452
581733
510835
533452
522021
594472
676978
1138537
510835
607489
594472
594472
594472
331236
581733
545133
522021
634385
533452
620791
594472
662472
569268
545133
545133
557070
581733
594472
581733
594472
510835
594472
557070
634385
569268
607489
634385
648276
607489
620791
581733
620791
545133
607489
594472
533452
662472
522021
634385
594472
522021
1114140
458400
533452
581733
634385
569268
533452
569268
557070
581733
545133
557070
648276
557070
607489
607489
594472
594472
545133
533452
510835
545133
569268
581733
510835
957391
594472
620791
676978
648276
522021
522021
634385
557070
676978
557070
634385
581733
545133
634385
533452
581733
557070
607489
569268
634385
978356
634385
581733
557070
510835
581733
634385
648276
545133
545133
594472
557070
569268
634385
338489
545133
634385
581733
569268
607489
557070
620791
634385
594472
569268
569268
607489
499889
569268
634385
557070
634385
607489
648276
594472
545133
522021
634385
662472
581733
581733
522021
499889
662472
569268
533452
607489
581733
557070
338489
634385
324138
581733
545133
557070
634385
557070
499889
594472
648276
634385
620791
569268
607489
557070
569268
581733
648276
338489
607489
557070
581733
569268
676978
648276
499889
569268
545133
607489
648276
676978
594472
620791
634385
545133
569268
662472
545133
607489
648276
545133
581733
581733
594472
620791
581733
545133
634385
545133
581733
662472
581733
594472
581733
557070
581733
1138537
569268
607489
676978
620791
533452
634385
533452
581733
557070
607489
499889
1090266
533452
569268
522021
581733
569268
620791
569268
620791
557070
499889
1090266
522021
478695
634385
620791
634385
607489
581733
533452
581733
634385
581733
533452
620791
522021
581733
634385
594472
607489
648276
607489
338489
607489
569268
510835
634385
557070
569268
648276
545133
594472
545133
607489
607489
607489
648276
594472
468438
594472
533452
545133
545133
581733
545133
581733
620791
648276
581733
557070
317192
569268
533452
581733
533452
545133
662472
648276
569268
545133
662472
581733
569268
545133
581733
545133
569268
676978
557070
634385
594472
676978
581733
557070
648276
594472
557070
557070
594472
569268
620791
594472
581733
522021
620791
557070
648276
607489
569268
489178
569268
634385
594472
499889
533452
522021
662472
569268
957391
510835
1021671
499889
338489
533452
607489
533452
569268
510835
569268
620791
648276
581733
533452
510835
533452
594472
594472
999779
607489
533452
478695
569268
545133
569268
620791
607489
581733
533452
581733
648276
545133
499889
581733
545133
499889
569268
533452
620791
594472
607489
338489
978356
569268
533452
620791
533452
594472
545133
522021
607489
569268
533452
581733
594472
545133
338489
533452
634385
557070
594472
522021
648276
594472
533452
648276
607489
620791
533452
569268
648276
533452
607489
545133
317192
594472
594472
594472
594472
522021
557070
533452
510835
522021
569268
594472
533452
594472
620791
557070
1066904
545133
581733
557070
648276
569268
620791
545133
557070
569268
545133
557070
545133
620791
581733
594472
569268
533452
569268
648276
545133
581733
522021
557070
594472
594472
620791
581733
581733
594472
557070
662472
648276
499889
533452
545133
338489
676978
594472
545133
569268
569268
533452
569268
545133
499889
607489
557070
533452
557070
331236
545133
533452
569268
594472
676978
648276
557070
916801
581733
545133
569268
581733
594472
545133
607489
533452
662472
545133
1066904
634385
620791
620791
620791
676978
510835
594472
478695
594472
594472
662472
648276
662472
557070
594472
676978
533452
634385
594472
569268
569268
648276
620791
533452
607489
620791
533452
522021
331236
545133
569268
522021
569268
557070
607489
594472
569268
620791
581733
533452
569268
557070
594472
533452
569268
634385
489178
569268
581733
557070
545133
581733
533452
648276
522021
620791
581733
545133
569268
620791
662472
607489
569268
545133
338489
557070
594472
545133
331236
978356
522021
569268
557070
569268
634385
533452
569268
594472
634385
557070
545133
634385
533452
607489
594472
648276
522021
594472
557070
620791
468438
478695
533452
522021
607489
676978
557070
569268
545133
569268
594472
557070
510835
594472
545133
620791
545133
648276
607489
489178
634385
569268
607489
569268
581733
594472
557070
607489
317192
594472
522021
620791
1044043
557070
468438
620791
620791
594472
338489
607489
607489
607489
338489
499889
545133
557070
557070
533452
581733
557070
557070
594472
533452
648276
594472
676978
569268
662472
620791
569268
545133
620791
581733
557070
607489
607489
594472
338489
594472
607489
545133
545133
662472
594472
489178
607489
620791
533452
533452
569268
620791
648276
662472
607489
594472
620791
569268
634385
662472
522021
594472
594472
607489
594472
545133
499889
499889
648276
569268
1114140
522021
522021
581733
607489
499889
607489
620791
510835
620791
581733
620791
557070
569268
620791
594472
648276
594472
510835
557070
607489
1066904
557070
607489
569268
581733
594472
648276
676978
545133
607489
676978
676978
557070
581733
581733
581733
478695
338489
533452
569268
581733
634385
581733
607489
634385
569268
569268
545133
522021
607489
662472
581733
607489
499889
607489
581733
569268
458400
620791
533452
545133
648276
533452
331236
522021
545133
499889
545133
569268
545133
581733
522021
594472
533452
662472
676978
581733
557070
581733
478695
594472
545133
648276
648276
1021671
634385
557070
620791
662472
545133
510835
594472
581733
620791
569268
331236
533452
662472
620791
545133
545133
569268
581733
557070
581733
489178
533452
545133
569268
510835
607489
581733
581733
557070
648276
557070
662472
607489
499889
569268
522021
478695
581733
569268
557070
676978
594472
557070
510835
620791
581733
676978
1090266
569268
545133
634385
468438
607489
533452
557070
557070
662472
545133
569268
594472
522021
533452
569268
648276
607489
545133
676978
499889
478695
569268
607489
676978
569268
648276
478695
648276
581733
569268
581733
676978
557070
569268
620791
533452
648276
620791
581733
634385
648276
545133
569268
522021
545133
634385
594472
569268
533452
510835
648276
620791
557070
545133
607489
499889
620791
581733
581733
557070
676978
594472
620791
569268
545133
478695
324138
634385
557070
557070
581733
581733
581733
594472
510835
331236
594472
569268
557070
581733
999779
557070
634385
557070
581733
338489
648276
533452
557070
662472
557070
648276
634385
620791
634385
594472
569268
594472
594472
648276
634385
607489
557070
533452
676978
607489
569268
