545133
545133
522021
310395
594472
557070
499889
303744
545133
522021
581733
545133
569268
594472
499889
545133
594472
594472
569268
594472
581733
607489
620791
569268
557070
607489
522021
557070
557070
557070
648276
569268
607489
569268
581733
545133
499889
594472
545133
620791
581733
557070
607489
569268
607489
581733
545133
510835
557070
581733
338489
607489
676978
620791
533452
557070
557070
581733
499889
581733
331236
510835
533452
569268
557070
557070
581733
620791
324138
522021
581733
569268
310395
557070
317192
607489
594472
331236
468438
533452
581733
533452
438966
510835
499889
310395
324138
569268
557070
557070
594472
545133
594472
569268
533452
545133
510835
620791
620791
557070
510835
478695
545133
522021
545133
557070
620791
533452
581733
317192
545133
569268
297236
569268
634385
607489
581733
338489
557070
569268
489178
510835
594472
331236
607489
569268
557070
557070
499889
522021
489178
594472
545133
620791
489178
557070
303744
545133
634385
569268
522021
634385
533452
510835
620791
499889
533452
533452
662472
522021
594472
607489
499889
581733
594472
510835
522021
557070
557070
522021
489178
557070
594472
510835
533452
545133
569268
581733
594472
489178
594472
557070
581733
581733
648276
569268
581733
533452
533452
557070
510835
545133
594472
478695
581733
310395
569268
499889
331236
499889
581733
594472
522021
620791
607489
569268
594472
569268
569268
533452
545133
581733
317192
510835
581733
594472
317192
510835
522021
545133
297236
510835
338489
581733
338489
620791
648276
545133
634385
545133
533452
607489
533452
489178
594472
607489
569268
607489
648276
545133
569268
581733
545133
607489
533452
522021
594472
545133
557070
594472
594472
522021
522021
338489
648276
634385
533452
581733
510835
533452
620791
581733
607489
317192
499889
545133
499889
545133
557070
620791
533452
569268
499889
634385
545133
545133
607489
648276
338489
607489
510835
1021671
522021
522021
310395
533452
557070
569268
297236
510835
338489
594472
324138
545133
545133
634385
331236
569268
522021
557070
581733
499889
581733
468438
557070
533452
545133
569268
620791
522021
522021
662472
569268
331236
522021
557070
545133
499889
557070
545133
522021
468438
545133
522021
522021
662472
510835
607489
607489
533452
581733
569268
545133
557070
569268
499889
557070
533452
522021
648276
331236
648276
533452
338489
545133
557070
545133
634385
533452
620791
545133
581733
581733
557070
569268
499889
510835
545133
581733
489178
303744
620791
557070
557070
522021
569268
545133
594472
533452
499889
545133
607489
522021
634385
569268
557070
545133
510835
581733
607489
607489
499889
545133
545133
317192
545133
331236
297236
594472
557070
489178
331236
569268
557070
607489
581733
594472
331236
317192
533452
581733
557070
607489
310395
557070
545133
662472
510835
607489
533452
607489
569268
557070
607489
499889
331236
522021
581733
594472
594472
557070
1114140
594472
522021
620791
324138
499889
557070
620791
510835
594472
331236
317192
522021
545133
662472
607489
458400
594472
581733
533452
533452
338489
648276
533452
557070
545133
620791
545133
478695
634385
594472
499889
607489
338489
499889
522021
522021
533452
648276
331236
634385
557070
545133
569268
533452
634385
317192
545133
499889
569268
620791
533452
545133
569268
648276
594472
338489
478695
522021
499889
620791
545133
581733
499889
557070
489178
545133
533452
557070
557070
581733
620791
620791
594472
510835
557070
569268
648276
581733
594472
533452
533452
317192
620791
533452
581733
569268
317192
662472
569268
489178
533452
545133
581733
569268
545133
648276
545133
581733
533452
331236
533452
648276
569268
338489
594472
331236
634385
522021
522021
533452
499889
478695
533452
533452
499889
648276
594472
594472
676978
634385
594472
338489
545133
557070
569268
620791
607489
581733
533452
522021
569268
533452
317192
620791
545133
594472
557070
557070
936876
581733
569268
569268
317192
478695
581733
557070
545133
557070
581733
581733
510835
533452
569268
594472
478695
533452
620791
499889
533452
557070
317192
581733
545133
620791
648276
581733
581733
569268
581733
489178
533452
676978
581733
594472
581733
581733
648276
545133
594472
338489
569268
634385
581733
545133
338489
557070
607489
569268
533452
522021
557070
557070
581733
522021
634385
331236
533452
522021
510835
594472
634385
489178
510835
545133
648276
533452
1044043
620791
557070
607489
522021
607489
594472
557070
499889
338489
510835
569268
607489
324138
648276
607489
489178
522021
557070
557070
303744
581733
648276
607489
634385
569268
499889
533452
648276
581733
533452
648276
545133
317192
620791
569268
545133
581733
648276
522021
324138
648276
499889
620791
594472
581733
581733
569268
324138
620791
581733
648276
594472
569268
607489
634385
533452
533452
581733
569268
499889
545133
557070
533452
620791
499889
510835
557070
499889
581733
581733
557070
557070
607489
557070
331236
634385
522021
510835
533452
662472
620791
557070
569268
581733
510835
581733
620791
545133
310395
557070
569268
533452
594472
557070
569268
581733
569268
569268
510835
533452
620791
338489
510835
594472
569268
510835
648276
634385
545133
510835
533452
594472
594472
594472
545133
648276
499889
510835
545133
533452
533452
581733
557070
338489
581733
338489
581733
620791
338489
581733
324138
594472
533452
607489
545133
489178
581733
522021
607489
522021
569268
620791
510835
607489
545133
607489
557070
569268
310395
607489
569268
545133
557070
634385
545133
594472
607489
594472
499889
545133
662472
545133
569268
581733
533452
522021
317192
581733
594472
324138
634385
545133
607489
522021
557070
499889
557070
533452
458400
569268
545133
607489
510835
662472
522021
557070
634385
317192
297236
545133
607489
297236
569268
533452
331236
676978
607489
581733
557070
489178
510835
510835
557070
533452
634385
620791
581733
522021
458400
545133
478695
634385
581733
510835
620791
581733
545133
533452
569268
581733
510835
545133
533452
478695
324138
581733
533452
569268
648276
581733
581733
662472
581733
317192
569268
510835
522021
522021
533452
489178
569268
581733
545133
594472
533452
607489
510835
545133
338489
620791
545133
522021
594472
581733
510835
522021
533452
648276
569268
620791
557070
478695
607489
522021
499889
662472
522021
317192
620791
557070
581733
510835
324138
545133
331236
510835
510835
331236
499889
545133
533452
317192
634385
533452
620791
557070
331236
557070
533452
545133
569268
557070
533452
557070
557070
569268
489178
545133
522021
499889
581733
607489
581733
499889
324138
569268
338489
545133
545133
522021
331236
620791
569268
569268
510835
620791
338489
607489
331236
676978
607489
489178
533452
522021
478695
545133
557070
569268
533452
545133
581733
533452
522021
581733
478695
545133
594472
545133
533452
545133
557070
569268
569268
581733
557070
533452
648276
594472
581733
607489
594472
510835
545133
594472
569268
331236
489178
557070
317192
662472
489178
676978
607489
620791
533452
594472
581733
581733
489178
569268
284634
557070
634385
533452
1066904
634385
594472
569268
569268
607489
545133
