522021
569268
557070
331236
569268
607489
607489
533452
338489
510835
499889
522021
522021
545133
581733
489178
607489
581733
569268
648276
569268
338489
581733
533452
581733
557070
581733
581733
533452
662472
522021
522021
569268
569268
676978
676978
594472
324138
607489
569268
581733
522021
499889
607489
877932
662472
489178
648276
557070
607489
620791
662472
648276
557070
569268
478695
522021
662472
634385
545133
569268
510835
557070
569268
557070
557070
594472
569268
510835
557070
581733
594472
594472
557070
594472
620791
648276
545133
620791
1090266
533452
533452
620791
1021671
317192
569268
581733
581733
338489
662472
607489
634385
607489
594472
676978
594472
478695
607489
331236
676978
533452
662472
676978
581733
581733
557070
607489
557070
620791
569268
557070
620791
662472
594472
510835
569268
569268
522021
545133
569268
510835
594472
290866
607489
569268
607489
594472
581733
634385
648276
510835
499889
607489
634385
569268
489178
620791
545133
545133
545133
620791
607489
557070
545133
581733
620791
338489
1066904
569268
533452
510835
648276
569268
569268
569268
522021
331236
510835
569268
581733
499889
648276
522021
594472
499889
569268
634385
510835
569268
620791
620791
569268
569268
594472
522021
557070
569268
620791
557070
607489
522021
533452
331236
533452
489178
510835
581733
662472
620791
545133
533452
581733
338489
557070
533452
522021
569268
533452
620791
569268
607489
533452
533452
648276
569268
581733
545133
557070
338489
557070
620791
338489
594472
522021
581733
607489
581733
468438
545133
581733
607489
338489
594472
634385
978356
499889
522021
489178
581733
545133
499889
676978
545133
478695
607489
594472
522021
594472
662472
648276
581733
648276
581733
581733
557070
594472
569268
620791
581733
581733
533452
331236
634385
607489
569268
510835
1021671
607489
489178
533452
676978
499889
499889
569268
607489
634385
648276
648276
594472
581733
620791
557070
662472
499889
607489
545133
569268
581733
499889
545133
489178
620791
569268
1138537
499889
338489
569268
594472
557070
545133
620791
533452
607489
569268
607489
594472
522021
557070
607489
557070
594472
594472
499889
545133
620791
620791
594472
594472
620791
569268
594472
620791
1163467
522021
533452
999779
662472
569268
545133
634385
594472
331236
557070
533452
607489
510835
594472
634385
545133
620791
676978
557070
545133
569268
545133
569268
676978
648276
662472
499889
545133
557070
533452
569268
569268
533452
607489
620791
522021
338489
545133
620791
489178
545133
620791
545133
581733
545133
620791
545133
594472
1021671
581733
557070
557070
545133
594472
620791
569268
594472
662472
676978
522021
676978
581733
634385
478695
533452
620791
634385
607489
533452
545133
533452
662472
594472
557070
581733
594472
557070
338489
522021
533452
581733
338489
557070
545133
594472
557070
581733
545133
620791
557070
676978
620791
522021
545133
545133
478695
581733
620791
545133
1021671
594472
581733
303744
607489
594472
662472
569268
620791
557070
634385
331236
557070
331236
594472
594472
581733
522021
634385
607489
581733
522021
581733
581733
533452
662472
533452
557070
489178
594472
557070
1044043
620791
607489
1066904
489178
634385
581733
607489
569268
978356
545133
557070
620791
594472
634385
620791
648276
620791
594472
581733
634385
545133
569268
648276
648276
594472
607489
331236
557070
634385
557070
545133
607489
557070
607489
545133
620791
557070
594472
978356
545133
557070
557070
533452
310395
533452
634385
581733
557070
581733
607489
331236
594472
569268
557070
557070
634385
545133
594472
662472
545133
569268
557070
533452
331236
662472
522021
569268
648276
648276
620791
607489
338489
1021671
522021
581733
545133
581733
676978
607489
607489
569268
533452
607489
634385
569268
594472
533452
999779
569268
499889
331236
620791
569268
510835
557070
648276
533452
533452
557070
533452
607489
557070
607489
581733
607489
607489
634385
634385
581733
569268
317192
634385
581733
510835
545133
533452
557070
557070
569268
620791
545133
522021
1114140
594472
569268
607489
569268
594472
581733
569268
317192
607489
569268
557070
557070
557070
581733
607489
594472
634385
634385
634385
533452
594472
581733
581733
533452
569268
569268
510835
557070
533452
594472
620791
489178
545133
557070
499889
569268
569268
620791
522021
607489
607489
310395
331236
581733
594472
510835
594472
594472
620791
489178
569268
648276
533452
676978
557070
676978
557070
533452
533452
676978
533452
594472
594472
581733
510835
634385
607489
569268
522021
533452
634385
594472
648276
648276
331236
533452
594472
607489
569268
662472
510835
489178
581733
557070
522021
620791
581733
522021
634385
545133
545133
557070
545133
324138
607489
594472
607489
569268
545133
581733
634385
557070
478695
545133
569268
634385
594472
557070
581733
533452
634385
533452
581733
594472
545133
338489
607489
522021
557070
557070
581733
489178
468438
499889
569268
545133
594472
581733
533452
533452
607489
569268
620791
569268
607489
662472
522021
620791
607489
557070
557070
634385
581733
676978
545133
594472
620791
510835
569268
620791
581733
634385
634385
533452
581733
607489
581733
634385
510835
510835
607489
533452
594472
648276
533452
581733
499889
620791
569268
594472
533452
510835
545133
581733
510835
607489
1090266
620791
533452
594472
569268
510835
581733
338489
634385
594472
478695
569268
522021
581733
510835
533452
522021
478695
489178
620791
522021
594472
620791
545133
581733
522021
489178
557070
620791
594472
569268
522021
478695
533452
569268
522021
1044043
510835
581733
499889
581733
557070
338489
569268
620791
662472
581733
545133
569268
581733
557070
594472
489178
581733
581733
594472
581733
533452
522021
569268
545133
648276
569268
569268
331236
594472
648276
557070
594472
594472
510835
634385
557070
522021
533452
620791
557070
594472
620791
569268
620791
522021
533452
557070
594472
499889
510835
489178
594472
545133
499889
545133
662472
594472
499889
594472
620791
634385
569268
676978
581733
662472
510835
557070
510835
557070
662472
545133
557070
533452
581733
533452
499889
607489
594472
545133
648276
607489
581733
545133
634385
607489
510835
594472
331236
510835
533452
594472
499889
522021
533452
522021
569268
499889
510835
620791
569268
634385
594472
581733
607489
510835
634385
607489
510835
634385
594472
594472
648276
581733
569268
581733
557070
957391
594472
545133
594472
634385
581733
569268
338489
594472
594472
557070
634385
581733
557070
620791
620791
581733
620791
594472
499889
569268
478695
533452
634385
634385
594472
545133
607489
594472
594472
607489
607489
620791
662472
569268
662472
510835
569268
557070
581733
545133
533452
557070
545133
557070
581733
499889
303744
557070
594472
569268
557070
569268
533452
581733
522021
545133
569268
581733
581733
634385
557070
594472
545133
338489
594472
569268
545133
557070
545133
594472
522021
557070
499889
581733
936876
545133
594472
634385
648276
594472
569268
499889
634385
557070
569268
557070
581733
662472
533452
594472
569268
557070
594472
594472
978356
581733
557070
338489
620791
594472
581733
569268
557070
