130505
136283
79298
117109
124972
79298
124972
114600
148618
148618
122294
139267
139267
124972
114600
122294
142317
127708
124972
105088
145433
130505
81034
82809
133363
145433
84622
84622
122294
130505
142317
142317
114600
142317
142317
142317
122294
107389
84622
74309
127708
124972
142317
75936
79298
130505
127708
130505
117109
142317
124972
81034
124972
127708
142317
133363
136283
119673
133363
127708
112144
75936
84622
133363
142317
114600
124972
145433
122294
112144
122294
139267
127708
122294
142317
136283
124972
119673
117109
184562
130505
162069
139267
84622
133363
151872
145433
133363
133363
155197
122294
136283
145433
136283
124972
148618
130505
119673
130505
105088
148618
142317
127708
130505
139267
136283
139267
142317
119673
155197
133363
119673
117109
136283
124972
124972
145433
124972
122294
107389
155197
81034
119673
109741
133363
130505
81034
124972
122294
127708
81034
130505
117109
136283
136283
130505
127708
133363
151872
122294
127708
158596
148618
136283
130505
127708
127708
124972
139267
145433
82809
105088
130505
124972
127708
127708
122294
142317
127708
158596
133363
139267
127708
133363
136283
112144
139267
130505
122294
139267
124972
114600
109741
112144
124972
124972
136283
130505
130505
124972
122294
81034
122294
122294
139267
124972
119673
84622
133363
112144
119673
127708
124972
133363
127708
130505
133363
124972
130505
130505
139267
124972
145433
81034
145433
136283
127708
133363
127708
112144
133363
148618
124972
127708
124972
122294
139267
142317
142317
158596
127708
127708
130505
114600
162069
119673
133363
142317
124972
117109
139267
127708
130505
127708
127708
124972
136283
114600
136283
114600
133363
122294
130505
130505
119673
139267
124972
117109
124972
130505
133363
139267
130505
139267
133363
133363
142317
124972
127708
127708
117109
127708
119673
117109
127708
139267
124972
130505
142317
142317
122294
136283
122294
142317
119673
145433
136283
133363
142317
114600
133363
136283
127708
145433
117109
130505
130505
136283
124972
124972
136283
122294
139267
136283
133363
124972
112144
139267
136283
127708
136283
124972
130505
139267
122294
136283
133363
151872
136283
127708
130505
114600
130505
133363
130505
133363
119673
130505
109741
109741
136283
119673
133363
133363
102837
133363
133363
151872
119673
122294
133363
127708
136283
136283
124972
114600
139267
136283
139267
102837
127708
124972
130505
130505
117109
119673
133363
130505
142317
127708
127708
112144
77598
122294
124972
130505
112144
139267
130505
122294
136283
145433
130505
124972
155197
136283
124972
148618
145433
148618
84622
142317
124972
155197
117109
124972
136283
148618
148618
133363
119673
133363
139267
114600
127708
139267
130505
122294
130505
127708
155197
136283
133363
142317
124972
114600
112144
124972
127708
130505
124972
127708
107389
133363
145433
142317
122294
122294
155197
139267
145433
148618
136283
133363
122294
142317
139267
136283
82809
119673
127708
119673
139267
127708
114600
136283
127708
136283
155197
133363
130505
139267
133363
142317
145433
133363
155197
114600
112144
119673
136283
133363
155197
139267
114600
122294
142317
130505
112144
122294
142317
148618
127708
122294
151872
142317
124972
117109
122294
109741
133363
84622
127708
75936
122294
139267
124972
130505
139267
117109
133363
136283
151872
127708
136283
142317
127708
145433
139267
127708
162069
77598
139267
119673
139267
142317
117109
136283
130505
122294
155197
136283
139267
127708
148618
136283
114600
124972
114600
127708
112144
114600
79298
145433
117109
124972
124972
133363
133363
119673
127708
136283
142317
136283
122294
117109
145433
130505
139267
114600
139267
145433
122294
112144
124972
119673
136283
122294
127708
117109
114600
127708
130505
136283
136283
109741
117109
84622
122294
136283
136283
142317
127708
124972
136283
133363
127708
133363
142317
122294
79298
130505
130505
124972
109741
114600
130505
119673
127708
117109
124972
133363
130505
119673
155197
136283
136283
133363
130505
136283
117109
139267
124972
142317
133363
142317
127708
124972
136283
124972
130505
133363
127708
133363
136283
84622
114600
127708
142317
122294
127708
107389
130505
142317
133363
139267
133363
136283
117109
130505
84622
130505
145433
130505
148618
127708
114600
142317
130505
124972
119673
148618
130505
151872
142317
142317
142317
130505
119673
124972
124972
136283
127708
119673
119673
127708
136283
117109
130505
127708
124972
136283
124972
124972
136283
122294
142317
127708
133363
124972
124972
130505
142317
133363
145433
136283
127708
79298
124972
133363
122294
117109
127708
124972
84622
148618
133363
119673
130505
139267
148618
127708
142317
133363
127708
136283
139267
127708
112144
130505
136283
136283
139267
114600
127708
127708
130505
139267
133363
133363
130505
127708
117109
119673
84622
130505
117109
81034
155197
117109
119673
133363
124972
122294
112144
124972
136283
142317
114600
139267
133363
112144
124972
130505
145433
114600
119673
119673
122294
136283
117109
130505
127708
127708
124972
127708
145433
112144
136283
136283
130505
139267
114600
112144
148618
142317
130505
133363
117109
139267
139267
127708
136283
139267
124972
122294
122294
119673
117109
151872
130505
117109
139267
130505
124972
122294
136283
145433
117109
122294
142317
136283
84622
139267
133363
127708
122294
82809
136283
142317
133363
130505
130505
119673
130505
119673
117109
151872
130505
122294
148618
127708
130505
119673
139267
112144
148618
127708
127708
124972
79298
109741
136283
142317
133363
82809
133363
139267
139267
112144
117109
119673
139267
130505
130505
127708
127708
142317
136283
139267
107389
136283
130505
81034
142317
122294
122294
127708
119673
130505
136283
136283
119673
142317
139267
117109
127708
158596
158596
119673
145433
136283
133363
136283
124972
139267
84622
130505
130505
133363
124972
122294
127708
122294
133363
142317
127708
127708
117109
145433
142317
130505
124972
122294
127708
142317
122294
84622
130505
133363
139267
136283
124972
139267
139267
127708
136283
148618
119673
119673
109741
119673
136283
139267
148618
133363
130505
117109
130505
139267
136283
122294
130505
119673
124972
122294
119673
127708
117109
139267
139267
136283
130505
142317
114600
117109
142317
124972
117109
133363
127708
148618
130505
148618
117109
151872
124972
109741
127708
133363
127708
119673
139267
112144
130505
117109
136283
127708
84622
142317
127708
119673
142317
155197
130505
139267
142317
142317
133363
136283
117109
148618
124972
82809
127708
136283
127708
145433
114600
136283
130505
133363
124972
133363
127708
148618
119673
127708
122294
114600
122294
139267
81034
139267
145433
117109
130505
133363
130505
127708
127708
130505
142317
122294
127708
114600
145433
124972
127708
127708
148618
145433
139267
142317
82809
136283
130505
127708
127708
117109
117109
127708
133363
114600
124972
142317
136283
112144
124972
124972
127708
148618
119673
127708
148618
127708
133363
127708
130505
105088
130505
142317
139267
142317
142317
142317
124972
133363
130505
124972
