158596
155197
148618
142317
139267
142317
155197
133363
210177
136283
142317
165618
224289
145433
148618
142317
151872
148618
127708
219483
139267
148618
142317
148618
148618
148618
169244
155197
133363
136283
136283
214779
162069
155197
151872
151872
165618
139267
158596
155197
142317
155197
142317
122294
169244
139267
151872
130505
224289
162069
165618
136283
151872
158596
151872
151872
244589
130505
142317
136283
169244
158596
158596
165618
155197
148618
148618
234219
165618
151872
119673
130505
162069
136283
155197
145433
142317
133363
148618
158596
151872
162069
214779
139267
136283
130505
130505
155197
165618
169244
155197
155197
162069
229200
142317
219483
155197
145433
169244
151872
158596
133363
151872
130505
169244
142317
145433
219483
130505
145433
148618
148618
133363
136283
139267
151872
151872
162069
145433
142317
158596
169244
139267
142317
145433
145433
158596
145433
142317
162069
158596
139267
165618
151872
145433
136283
145433
151872
165618
148618
136283
162069
151872
151872
145433
151872
130505
145433
148618
133363
139267
158596
148618
158596
133363
158596
145433
148618
133363
142317
124972
205674
124972
151872
249944
158596
145433
155197
142317
155197
139267
145433
145433
139267
151872
162069
145433
136283
136283
142317
151872
158596
151872
124972
142317
142317
136283
139267
169244
155197
130505
201266
139267
145433
165618
145433
133363
165618
133363
133363
130505
148618
139267
127708
148618
139267
162069
130505
169244
145433
145433
155197
151872
148618
169244
165618
151872
148618
142317
158596
145433
127708
158596
155197
127708
151872
142317
205674
229200
136283
130505
148618
148618
155197
158596
162069
162069
133363
145433
122294
151872
165618
158596
124972
145433
136283
142317
133363
133363
148618
127708
151872
139267
158596
205674
151872
127708
136283
139267
142317
155197
133363
145433
155197
148618
165618
151872
158596
148618
162069
133363
145433
130505
139267
224289
145433
158596
151872
139267
133363
239347
155197
148618
139267
145433
142317
151872
139267
229200
151872
162069
158596
136283
151872
165618
127708
142317
142317
133363
133363
158596
127708
139267
151872
155197
139267
155197
139267
133363
130505
139267
139267
124972
151872
142317
136283
142317
145433
158596
142317
139267
148618
145433
139267
119673
136283
139267
229200
127708
136283
139267
155197
139267
142317
127708
142317
158596
162069
145433
145433
155197
142317
127708
139267
244589
130505
158596
136283
148618
148618
158596
155197
162069
151872
124972
119673
169244
142317
169244
158596
155197
210177
169244
155197
244589
139267
148618
155197
142317
239347
127708
136283
139267
162069
139267
148618
169244
155197
148618
133363
234219
155197
139267
162069
136283
139267
148618
151872
151872
133363
145433
151872
224289
127708
145433
142317
114600
158596
133363
239347
155197
155197
162069
158596
145433
155197
151872
255417
151872
165618
122294
169244
136283
124972
127708
127708
165618
139267
148618
158596
162069
239347
130505
155197
127708
151872
162069
139267
133363
139267
133363
148618
148618
151872
145433
139267
139267
151872
139267
148618
145433
119673
155197
158596
148618
139267
145433
148618
148618
139267
136283
151872
130505
155197
127708
205674
148618
139267
151872
124972
158596
142317
158596
136283
158596
145433
255417
155197
136283
158596
151872
151872
142317
158596
130505
145433
151872
165618
148618
136283
158596
139267
133363
139267
142317
148618
162069
151872
151872
148618
165618
139267
148618
165618
130505
169244
165618
148618
162069
130505
158596
151872
142317
155197
151872
219483
151872
139267
136283
151872
136283
162069
158596
145433
162069
244589
145433
234219
136283
145433
139267
133363
151872
162069
151872
145433
155197
130505
155197
145433
165618
249944
151872
158596
151872
155197
169244
133363
136283
145433
145433
148618
155197
151872
169244
133363
148618
151872
162069
155197
136283
169244
148618
162069
162069
133363
151872
158596
142317
162069
229200
148618
148618
122294
158596
148618
139267
148618
162069
133363
155197
124972
139267
145433
155197
127708
151872
145433
142317
148618
136283
158596
142317
139267
148618
165618
133363
151872
145433
130505
139267
239347
219483
151872
158596
255417
136283
148618
162069
145433
165618
169244
145433
142317
224289
148618
145433
139267
169244
148618
155197
122294
205674
162069
155197
142317
162069
165618
229200
224289
155197
169244
151872
139267
119673
169244
136283
148618
139267
155197
142317
136283
162069
148618
151872
133363
165618
158596
165618
127708
136283
148618
151872
165618
119673
148618
145433
142317
165618
136283
155197
145433
169244
158596
136283
130505
127708
139267
142317
142317
130505
148618
158596
165618
142317
148618
234219
139267
151872
151872
155197
244589
145433
165618
145433
130505
158596
158596
127708
145433
155197
162069
151872
155197
239347
142317
151872
139267
139267
136283
139267
148618
158596
162069
145433
148618
151872
151872
158596
145433
130505
151872
148618
169244
151872
151872
165618
142317
145433
155197
155197
124972
139267
155197
139267
155197
139267
158596
114600
158596
148618
155197
151872
151872
158596
145433
162069
136283
148618
148618
136283
145433
165618
155197
124972
136283
139267
148618
142317
139267
155197
145433
165618
151872
136283
145433
165618
142317
169244
142317
145433
145433
145433
158596
151872
155197
130505
148618
145433
155197
139267
145433
162069
139267
151872
165618
130505
142317
142317
255417
148618
151872
127708
148618
142317
139267
210177
151872
162069
158596
145433
165618
155197
124972
162069
130505
155197
139267
136283
136283
136283
148618
165618
145433
142317
142317
151872
219483
139267
133363
169244
158596
205674
158596
124972
136283
165618
133363
122294
148618
145433
219483
155197
155197
148618
148618
151872
139267
145433
155197
158596
142317
214779
151872
165618
124972
142317
162069
162069
145433
148618
148618
151872
155197
139267
130505
133363
239347
142317
136283
151872
165618
145433
145433
158596
136283
130505
124972
142317
127708
145433
148618
133363
165618
139267
145433
130505
151872
155197
205674
122294
148618
155197
158596
142317
155197
148618
142317
127708
155197
151872
158596
234219
142317
151872
124972
148618
155197
148618
142317
155197
165618
139267
162069
127708
142317
158596
139267
155197
165618
155197
158596
210177
155197
136283
145433
162069
148618
139267
165618
165618
148618
155197
136283
145433
162069
155197
136283
162069
133363
122294
158596
158596
130505
148618
155197
145433
133363
155197
158596
133363
155197
142317
224289
158596
136283
145433
139267
136283
151872
127708
162069
145433
165618
145433
142317
155197
127708
158596
165618
162069
142317
158596
162069
155197
169244
158596
155197
145433
142317
145433
139267
151872
162069
155197
133363
158596
145433
165618
148618
155197
139267
133363
151872
169244
155197
151872
145433
224289
148618
165618
145433
151872
124972
142317
151872
158596
165618
148618
151872
130505
155197
151872
145433
142317
133363
158596
127708
151872
158596
165618
158596
139267
210177
158596
148618
142317
249944
145433
155197
