79298
84622
71158
75936
79298
75936
75936
79298
75936
79298
107389
81034
69633
65252
75936
77598
105088
77598
81034
68141
82809
75936
81034
72716
81034
69633
69633
68141
84622
74309
112144
77598
68141
75936
75936
71158
79298
82809
81034
72716
122294
75936
69633
68141
109741
71158
71158
68141
81034
74309
102837
71158
84622
81034
72716
68141
81034
81034
81034
77598
79298
66681
84622
77598
72716
72716
84622
82809
82809
117109
79298
74309
84622
81034
105088
81034
79298
72716
69633
81034
81034
74309
114600
75936
74309
81034
65252
82809
81034
79298
77598
77598
69633
79298
77598
82809
81034
112144
79298
77598
66681
72716
79298
114600
77598
75936
75936
71158
81034
75936
75936
66681
79298
79298
72716
122294
74309
75936
81034
117109
71158
69633
79298
81034
112144
74309
79298
112144
84622
71158
71158
66681
72716
65252
75936
81034
75936
107389
82809
117109
119673
77598
114600
74309
72716
82809
79298
69633
81034
77598
82809
74309
77598
75936
75936
75936
75936
119673
68141
75936
69633
79298
77598
74309
107389
82809
84622
77598
66681
77598
82809
124972
72716
82809
65252
81034
77598
72716
79298
81034
71158
77598
74309
75936
122294
112144
75936
68141
75936
71158
77598
124972
117109
69633
75936
119673
63854
75936
79298
75936
84622
79298
74309
65252
68141
74309
109741
77598
75936
81034
82809
114600
114600
69633
75936
77598
75936
82809
82809
82809
72716
98477
105088
72716
107389
75936
69633
71158
77598
81034
75936
82809
81034
79298
69633
75936
79298
66681
112144
72716
74309
72716
82809
82809
109741
75936
112144
75936
75936
100633
72716
84622
81034
81034
107389
72716
75936
130505
82809
66681
79298
81034
75936
81034
112144
81034
79298
72716
79298
117109
117109
82809
71158
66681
75936
71158
72716
79298
105088
82809
72716
112144
84622
77598
74309
77598
74309
74309
74309
77598
122294
84622
62486
71158
65252
75936
119673
68141
112144
112144
77598
74309
69633
79298
81034
84622
79298
74309
72716
72716
72716
84622
79298
75936
84622
72716
119673
82809
84622
75936
71158
74309
74309
112144
79298
68141
66681
105088
82809
71158
74309
84622
109741
77598
82809
75936
75936
72716
109741
81034
122294
77598
84622
71158
79298
77598
77598
77598
82809
74309
77598
71158
69633
75936
79298
65252
82809
109741
84622
84622
81034
74309
77598
75936
81034
72716
84622
77598
81034
77598
84622
77598
82809
74309
79298
100633
117109
71158
71158
74309
112144
77598
75936
82809
68141
81034
72716
82809
74309
72716
81034
81034
77598
69633
72716
77598
72716
74309
75936
74309
81034
75936
75936
69633
119673
74309
74309
68141
71158
81034
81034
112144
75936
81034
77598
72716
75936
109741
79298
79298
81034
68141
77598
68141
82809
82809
114600
74309
72716
81034
71158
122294
79298
82809
82809
79298
74309
75936
109741
75936
77598
66681
74309
77598
72716
72716
81034
68141
57300
74309
75936
84622
74309
68141
69633
75936
75936
79298
81034
75936
109741
109741
72716
122294
81034
68141
84622
114600
75936
84622
84622
82809
75936
82809
75936
74309
81034
79298
72716
74309
71158
81034
84622
107389
75936
114600
82809
74309
71158
84622
79298
79298
107389
81034
112144
77598
77598
81034
69633
82809
69633
79298
71158
75936
79298
77598
119673
72716
82809
74309
72716
68141
79298
77598
84622
79298
81034
74309
92281
114600
72716
71158
84622
122294
124972
82809
81034
68141
77598
81034
74309
81034
68141
71158
84622
81034
72716
82809
74309
75936
75936
79298
117109
82809
81034
75936
69633
79298
72716
72716
79298
119673
69633
66681
74309
79298
74309
71158
72716
79298
68141
77598
69633
72716
68141
68141
102837
79298
75936
72716
69633
79298
79298
65252
119673
72716
74309
71158
68141
71158
75936
75936
79298
114600
79298
79298
74309
77598
63854
75936
84622
77598
75936
77598
71158
77598
66681
79298
69633
74309
81034
117109
75936
63854
79298
112144
75936
77598
74309
81034
65252
109741
74309
75936
81034
82809
122294
69633
66681
82809
74309
68141
114600
74309
71158
81034
84622
81034
75936
84622
63854
72716
74309
107389
119673
82809
81034
72716
84622
105088
75936
109741
69633
81034
79298
75936
79298
82809
75936
84622
119673
81034
84622
109741
75936
72716
112144
112144
109741
82809
81034
82809
119673
82809
100633
81034
74309
79298
75936
82809
81034
117109
112144
72716
75936
77598
77598
62486
62486
71158
71158
82809
84622
68141
79298
75936
77598
75936
71158
84622
72716
114600
75936
79298
124972
75936
75936
74309
79298
72716
77598
112144
81034
72716
82809
77598
79298
77598
122294
82809
72716
75936
109741
74309
84622
81034
96366
81034
69633
77598
71158
114600
117109
68141
79298
82809
81034
75936
109741
96366
79298
74309
82809
71158
77598
79298
72716
74309
69633
79298
75936
74309
68141
100633
74309
81034
74309
72716
68141
112144
75936
79298
72716
75936
74309
82809
79298
71158
77598
82809
77598
81034
119673
75936
77598
74309
65252
79298
81034
75936
84622
77598
65252
122294
79298
72716
75936
127708
75936
119673
77598
84622
105088
77598
81034
79298
75936
77598
82809
79298
102837
81034
81034
66681
81034
114600
75936
75936
122294
82809
109741
75936
84622
114600
71158
75936
79298
114600
72716
82809
69633
75936
74309
81034
74309
84622
81034
75936
77598
75936
84622
79298
84622
69633
71158
74309
82809
77598
71158
77598
105088
81034
75936
82809
84622
74309
127708
102837
84622
72716
68141
75936
71158
74309
82809
124972
69633
74309
69633
71158
77598
79298
72716
75936
74309
77598
84622
84622
112144
82809
119673
100633
72716
81034
75936
74309
81034
114600
77598
117109
124972
82809
71158
81034
59836
79298
112144
69633
114600
72716
75936
112144
72716
79298
81034
81034
71158
71158
79298
84622
72716
69633
63854
82809
122294
79298
77598
77598
81034
65252
81034
74309
79298
71158
69633
112144
81034
105088
105088
107389
105088
63854
84622
112144
74309
79298
75936
77598
124972
79298
82809
79298
72716
79298
65252
79298
79298
72716
81034
75936
77598
74309
82809
72716
77598
69633
79298
75936
82809
79298
109741
71158
82809
84622
84622
74309
71158
107389
66681
69633
72716
77598
75936
79298
69633
77598
84622
84622
75936
77598
72716
74309
68141
82809
61147
69633
77598
81034
107389
77598
79298
84622
77598
72716
75936
68141
68141
79298
74309
72716
84622
81034
82809
75936
71158
81034
112144
112144
79298
81034
72716
84622
71158
77598
81034
124972
79298
74309
65252
71158
