81034
84622
75936
114600
119673
82809
75936
81034
82809
112144
79298
84622
117109
122294
75936
84622
77598
117109
124972
77598
109741
71158
117109
114600
82809
84622
122294
127708
84622
130505
117109
112144
82809
84622
133363
107389
82809
130505
79298
119673
122294
72716
75936
133363
109741
84622
119673
79298
84622
114600
127708
79298
124972
79298
82809
79298
127708
69633
117109
84622
122294
124972
81034
122294
81034
81034
82809
84622
114600
81034
127708
71158
74309
109741
82809
119673
127708
117109
102837
79298
84622
114600
114600
124972
82809
124972
119673
117109
117109
130505
119673
114600
122294
122294
84622
81034
127708
127708
84622
75936
81034
142317
122294
117109
119673
84622
79298
74309
84622
82809
124972
124972
122294
114600
114600
81034
81034
109741
124972
75936
117109
107389
127708
124972
72716
117109
75936
81034
117109
127708
119673
77598
107389
124972
127708
79298
74309
77598
77598
109741
72716
82809
79298
127708
109741
72716
122294
109741
84622
133363
127708
79298
79298
130505
122294
127708
124972
109741
124972
79298
81034
117109
139267
79298
75936
75936
119673
130505
119673
117109
127708
109741
114600
84622
122294
124972
117109
79298
105088
71158
114600
122294
105088
117109
114600
114600
82809
77598
114600
84622
77598
84622
82809
84622
117109
119673
109741
82809
114600
100633
122294
79298
122294
84622
114600
81034
107389
124972
79298
133363
117109
82809
77598
122294
84622
82809
109741
72716
117109
122294
74309
124972
84622
84622
117109
72716
109741
124972
119673
82809
107389
81034
122294
142317
77598
124972
112144
122294
109741
102837
117109
109741
117109
69633
81034
107389
130505
81034
69633
109741
114600
77598
114600
100633
84622
117109
127708
84622
72716
122294
145433
119673
77598
122294
117109
114600
82809
112144
119673
74309
84622
127708
84622
107389
81034
139267
75936
119673
119673
81034
117109
112144
105088
109741
112144
82809
145433
81034
84622
127708
82809
105088
82809
81034
109741
105088
81034
136283
81034
122294
114600
82809
79298
114600
81034
112144
119673
84622
77598
109741
82809
79298
84622
109741
122294
82809
119673
127708
84622
75936
84622
119673
119673
71158
82809
81034
122294
124972
117109
117109
122294
112144
82809
79298
114600
119673
112144
112144
82809
81034
105088
124972
124972
127708
114600
79298
130505
107389
119673
130505
114600
133363
122294
122294
81034
127708
81034
114600
105088
119673
72716
114600
75936
117109
127708
124972
71158
130505
79298
84622
74309
109741
117109
79298
130505
107389
98477
81034
112144
130505
82809
84622
79298
109741
84622
109741
105088
122294
77598
84622
112144
127708
122294
119673
112144
84622
127708
112144
124972
122294
127708
136283
81034
124972
84622
82809
112144
112144
77598
136283
114600
77598
122294
84622
136283
127708
124972
79298
119673
77598
81034
124972
119673
107389
79298
82809
112144
72716
119673
82809
112144
82809
82809
127708
112144
117109
75936
127708
114600
69633
82809
114600
130505
72716
82809
114600
79298
79298
109741
112144
84622
81034
82809
84622
77598
130505
81034
117109
107389
127708
109741
124972
133363
75936
79298
109741
82809
122294
82809
114600
82809
74309
117109
81034
84622
81034
84622
74309
109741
77598
112144
117109
100633
124972
82809
124972
79298
82809
119673
102837
74309
109741
117109
133363
74309
119673
102837
109741
122294
124972
79298
81034
75936
77598
84622
84622
84622
117109
81034
117109
84622
69633
84622
112144
81034
82809
119673
114600
72716
107389
133363
122294
117109
74309
77598
122294
71158
119673
119673
122294
114600
82809
119673
117109
74309
82809
124972
75936
75936
82809
119673
109741
82809
117109
82809
124972
72716
119673
112144
142317
130505
82809
119673
119673
119673
119673
124972
77598
124972
109741
82809
119673
114600
127708
109741
122294
82809
75936
124972
112144
84622
84622
71158
124972
84622
72716
84622
75936
82809
112144
81034
82809
122294
71158
81034
81034
112144
77598
122294
82809
81034
114600
119673
71158
112144
79298
82809
84622
109741
75936
84622
117109
79298
77598
102837
82809
72716
127708
75936
114600
79298
77598
114600
124972
114600
119673
77598
119673
82809
124972
114600
81034
84622
79298
69633
130505
117109
114600
109741
84622
82809
84622
82809
72716
72716
122294
124972
66681
133363
109741
84622
84622
77598
82809
114600
71158
112144
119673
114600
82809
79298
82809
75936
82809
82809
114600
122294
112144
119673
77598
117109
81034
130505
119673
124972
114600
127708
114600
105088
119673
112144
117109
122294
77598
136283
130505
130505
145433
119673
75936
81034
117109
81034
102837
81034
74309
74309
74309
77598
109741
82809
124972
114600
77598
117109
117109
69633
119673
109741
117109
82809
82809
81034
109741
133363
114600
124972
82809
119673
84622
79298
122294
82809
82809
119673
127708
117109
84622
84622
107389
127708
122294
79298
109741
124972
130505
119673
79298
145433
77598
107389
122294
82809
127708
84622
117109
102837
124972
81034
74309
84622
130505
77598
119673
117109
82809
79298
79298
130505
77598
136283
119673
105088
109741
72716
127708
81034
107389
82809
109741
79298
84622
81034
79298
79298
117109
124972
75936
139267
107389
77598
122294
112144
84622
74309
117109
117109
81034
117109
112144
119673
114600
122294
81034
81034
142317
122294
81034
74309
84622
102837
127708
127708
84622
81034
117109
119673
82809
79298
84622
82809
122294
105088
82809
79298
84622
124972
81034
112144
79298
114600
119673
112144
122294
109741
127708
114600
117109
122294
122294
77598
77598
114600
84622
107389
124972
142317
133363
75936
84622
112144
130505
81034
127708
117109
77598
114600
79298
81034
119673
79298
79298
124972
122294
124972
82809
82809
77598
114600
127708
136283
117109
107389
81034
119673
119673
81034
122294
136283
81034
107389
127708
77598
122294
112144
79298
82809
117109
122294
139267
124972
114600
82809
82809
84622
107389
68141
139267
127708
117109
114600
130505
114600
124972
124972
119673
124972
130505
98477
84622
84622
112144
77598
112144
122294
107389
130505
105088
82809
124972
114600
84622
82809
75936
84622
133363
82809
84622
112144
81034
79298
122294
81034
82809
133363
112144
75936
124972
81034
139267
71158
122294
119673
82809
148618
124972
117109
81034
82809
82809
81034
124972
77598
117109
81034
117109
81034
82809
122294
84622
79298
119673
84622
82809
124972
117109
79298
81034
82809
82809
84622
109741
107389
109741
136283
133363
112144
77598
75936
84622
117109
84622
117109
74309
122294
82809
119673
119673
114600
133363
81034
114600
124972
122294
77598
82809
107389
136283
114600
127708
127708
79298
119673
107389
114600
117109
139267
81034
136283
74309
114600
81034
124972
117109
133363
77598
82809
82809
130505
82809
