133363
119673
107389
124972
148618
142317
124972
119673
133363
119673
124972
84622
117109
136283
139267
127708
124972
133363
112144
133363
122294
117109
136283
122294
84622
119673
155197
127708
114600
127708
136283
136283
127708
122294
130505
119673
127708
84622
130505
124972
117109
117109
112144
119673
72716
148618
119673
124972
117109
122294
142317
81034
119673
122294
112144
139267
136283
145433
119673
142317
133363
124972
139267
114600
130505
114600
112144
112144
117109
133363
133363
142317
130505
130505
145433
122294
130505
133363
117109
109741
139267
145433
81034
124972
124972
81034
133363
107389
117109
109741
133363
119673
148618
122294
117109
124972
124972
122294
119673
145433
127708
117109
142317
117109
117109
109741
122294
151872
114600
127708
127708
75936
130505
133363
136283
122294
127708
127708
124972
84622
122294
105088
145433
139267
130505
148618
130505
133363
84622
133363
119673
133363
119673
136283
122294
117109
122294
130505
133363
84622
122294
139267
124972
114600
122294
127708
130505
124972
119673
122294
107389
127708
130505
122294
119673
117109
139267
81034
117109
127708
127708
133363
139267
114600
124972
127708
130505
107389
133363
136283
122294
130505
136283
119673
122294
133363
145433
136283
124972
124972
119673
139267
117109
133363
84622
122294
127708
130505
130505
119673
119673
130505
133363
136283
127708
130505
136283
122294
127708
119673
133363
139267
77598
130505
124972
119673
122294
124972
117109
114600
119673
130505
130505
122294
119673
119673
124972
124972
145433
75936
127708
127708
133363
139267
124972
130505
119673
145433
124972
136283
117109
142317
109741
142317
133363
139267
127708
122294
133363
133363
114600
130505
114600
119673
117109
122294
130505
81034
136283
107389
82809
109741
130505
127708
122294
122294
109741
119673
139267
119673
136283
84622
158596
124972
82809
130505
124972
117109
127708
136283
109741
127708
112144
79298
119673
122294
124972
124972
139267
114600
107389
114600
139267
117109
142317
124972
127708
130505
117109
124972
107389
109741
127708
124972
136283
136283
145433
130505
119673
124972
107389
139267
133363
124972
130505
114600
112144
127708
74309
133363
124972
119673
124972
133363
124972
139267
82809
130505
127708
84622
119673
127708
122294
122294
117109
127708
117109
117109
84622
117109
136283
142317
124972
79298
122294
114600
84622
151872
130505
124972
124972
119673
130505
133363
127708
127708
127708
119673
122294
124972
122294
139267
136283
130505
117109
124972
162069
122294
127708
142317
124972
124972
124972
130505
124972
155197
127708
119673
82809
112144
114600
127708
127708
136283
136283
133363
122294
84622
119673
117109
127708
130505
133363
127708
119673
79298
114600
124972
133363
130505
136283
142317
139267
119673
133363
148618
133363
114600
112144
133363
142317
84622
122294
136283
119673
122294
127708
124972
119673
127708
109741
119673
107389
122294
130505
133363
139267
139267
119673
151872
127708
117109
124972
117109
136283
117109
122294
142317
133363
124972
124972
136283
122294
162069
136283
109741
114600
122294
130505
145433
127708
117109
122294
79298
145433
133363
155197
133363
124972
145433
122294
133363
119673
114600
109741
114600
122294
133363
139267
124972
117109
119673
124972
112144
112144
124972
119673
109741
117109
124972
139267
107389
114600
130505
112144
127708
136283
124972
117109
130505
117109
127708
122294
124972
130505
107389
142317
119673
114600
122294
117109
148618
122294
127708
84622
84622
136283
122294
155197
84622
151872
133363
142317
127708
119673
112144
136283
133363
145433
124972
119673
117109
79298
127708
122294
122294
122294
142317
107389
79298
109741
136283
119673
124972
122294
139267
136283
130505
119673
127708
130505
136283
124972
133363
127708
151872
127708
124972
122294
139267
81034
114600
84622
114600
142317
84622
130505
122294
114600
145433
130505
130505
136283
117109
77598
133363
145433
142317
117109
130505
114600
81034
119673
124972
122294
114600
136283
127708
109741
124972
142317
82809
127708
145433
124972
117109
117109
119673
119673
119673
130505
112144
77598
127708
145433
124972
133363
79298
117109
117109
107389
124972
151872
130505
133363
124972
122294
117109
124972
148618
124972
133363
124972
122294
136283
122294
127708
107389
112144
136283
127708
117109
151872
127708
119673
122294
145433
122294
127708
117109
124972
127708
130505
114600
139267
133363
84622
151872
114600
114600
114600
112144
142317
127708
133363
142317
136283
136283
133363
77598
112144
109741
107389
119673
139267
127708
169244
127708
127708
124972
133363
124972
122294
127708
151872
84622
127708
122294
112144
133363
84622
130505
109741
124972
117109
124972
79298
142317
139267
139267
122294
81034
119673
127708
122294
133363
117109
119673
145433
82809
122294
119673
133363
130505
130505
127708
117109
133363
127708
84622
117109
114600
107389
158596
127708
79298
107389
124972
114600
139267
119673
119673
130505
127708
114600
84622
105088
75936
130505
124972
133363
117109
133363
148618
117109
119673
124972
124972
109741
124972
109741
136283
151872
112144
102837
130505
142317
122294
136283
122294
145433
122294
130505
84622
130505
112144
119673
133363
81034
119673
142317
127708
142317
151872
117109
122294
130505
139267
102837
124972
124972
139267
119673
84622
82809
109741
124972
124972
148618
119673
84622
124972
124972
114600
136283
155197
127708
122294
82809
145433
84622
124972
119673
124972
124972
124972
127708
142317
127708
119673
139267
127708
119673
136283
124972
109741
124972
122294
139267
136283
79298
136283
117109
142317
142317
130505
139267
117109
119673
127708
142317
117109
124972
142317
114600
107389
127708
119673
117109
124972
84622
122294
124972
127708
124972
142317
117109
122294
82809
130505
122294
109741
142317
142317
139267
142317
119673
130505
133363
130505
117109
133363
112144
114600
84622
122294
127708
107389
151872
127708
122294
133363
119673
119673
81034
133363
130505
124972
136283
124972
105088
117109
127708
119673
107389
124972
82809
145433
130505
84622
139267
117109
119673
127708
136283
142317
77598
124972
79298
142317
114600
122294
84622
124972
112144
81034
130505
117109
122294
127708
114600
130505
119673
145433
136283
119673
119673
124972
127708
130505
142317
122294
133363
139267
114600
139267
139267
109741
122294
122294
124972
127708
127708
127708
122294
122294
124972
117109
114600
145433
114600
130505
127708
109741
82809
127708
114600
139267
127708
151872
84622
142317
112144
130505
122294
105088
119673
122294
107389
127708
148618
82809
127708
84622
124972
117109
107389
117109
114600
139267
122294
82809
117109
82809
130505
158596
124972
119673
142317
117109
124972
82809
136283
124972
136283
122294
127708
127708
112144
139267
127708
127708
127708
142317
130505
130505
139267
139267
112144
145433
82809
117109
77598
133363
122294
127708
127708
145433
130505
133363
109741
82809
136283
127708
122294
122294
122294
127708
114600
133363
130505
119673
139267
133363
127708
142317
136283
136283
84622
124972
