84622
72716
84622
127708
72716
82809
84622
124972
84622
127708
124972
109741
82809
122294
114600
84622
84622
114600
77598
82809
81034
96366
71158
107389
74309
75936
77598
69633
75936
124972
71158
119673
72716
112144
84622
79298
133363
136283
114600
71158
72716
114600
109741
84622
74309
84622
74309
117109
75936
74309
75936
82809
68141
112144
72716
81034
75936
119673
74309
102837
82809
107389
82809
79298
72716
75936
79298
82809
105088
122294
100633
114600
81034
75936
79298
82809
75936
71158
75936
79298
81034
84622
74309
75936
112144
68141
79298
119673
81034
77598
112144
77598
114600
81034
74309
112144
84622
112144
82809
75936
107389
75936
117109
112144
75936
81034
72716
84622
122294
77598
124972
79298
112144
124972
124972
79298
81034
84622
130505
68141
71158
122294
74309
124972
114600
77598
109741
127708
71158
72716
81034
69633
81034
81034
117109
81034
107389
79298
102837
84622
79298
124972
82809
114600
79298
81034
82809
84622
74309
74309
117109
133363
81034
117109
124972
122294
82809
124972
124972
84622
124972
100633
66681
79298
72716
82809
117109
74309
72716
77598
74309
79298
77598
82809
82809
74309
71158
69633
84622
82809
81034
77598
77598
82809
112144
84622
114600
75936
72716
102837
100633
75936
77598
114600
109741
81034
75936
79298
124972
107389
84622
114600
77598
102837
117109
79298
82809
84622
84622
112144
77598
133363
84622
84622
84622
122294
79298
75936
109741
81034
82809
136283
81034
81034
79298
79298
77598
117109
79298
124972
81034
112144
74309
117109
82809
79298
81034
119673
82809
82809
119673
79298
81034
77598
109741
77598
82809
114600
84622
84622
66681
133363
114600
109741
72716
79298
79298
82809
72716
122294
74309
77598
75936
82809
114600
82809
69633
84622
82809
82809
122294
66681
79298
81034
112144
117109
84622
124972
79298
75936
77598
130505
81034
139267
72716
119673
71158
102837
82809
75936
84622
112144
117109
77598
84622
77598
74309
117109
84622
74309
112144
82809
84622
114600
66681
82809
112144
62486
82809
114600
69633
75936
102837
109741
74309
102837
84622
71158
119673
77598
68141
119673
75936
84622
114600
100633
82809
112144
75936
74309
114600
79298
82809
84622
63854
77598
69633
127708
84622
105088
102837
114600
102837
84622
81034
117109
81034
82809
84622
107389
79298
81034
79298
122294
74309
79298
79298
79298
79298
112144
82809
122294
75936
79298
82809
69633
79298
124972
75936
112144
81034
72716
72716
75936
75936
105088
75936
82809
109741
77598
69633
105088
84622
74309
79298
72716
74309
81034
74309
74309
109741
79298
81034
84622
79298
75936
81034
79298
114600
82809
117109
148618
75936
82809
71158
72716
69633
109741
122294
130505
74309
79298
84622
71158
75936
119673
84622
74309
81034
75936
133363
117109
82809
81034
69633
109741
77598
105088
66681
82809
82809
71158
82809
75936
81034
82809
119673
114600
130505
117109
77598
109741
74309
77598
72716
109741
84622
77598
72716
75936
82809
77598
81034
105088
84622
105088
74309
105088
81034
81034
82809
82809
79298
74309
79298
124972
124972
105088
74309
119673
84622
77598
112144
82809
82809
77598
82809
136283
112144
71158
72716
72716
77598
81034
122294
81034
74309
112144
66681
109741
75936
119673
124972
74309
82809
71158
77598
127708
142317
119673
72716
81034
107389
117109
84622
81034
114600
84622
100633
117109
82809
84622
72716
81034
117109
122294
145433
81034
72716
77598
84622
117109
84622
84622
63854
74309
112144
79298
77598
114600
75936
82809
105088
81034
69633
119673
69633
112144
75936
122294
75936
82809
122294
84622
79298
66681
77598
71158
81034
84622
84622
72716
124972
65252
133363
119673
71158
75936
81034
124972
74309
82809
82809
79298
136283
81034
114600
124972
77598
75936
75936
84622
109741
112144
71158
77598
84622
68141
114600
102837
124972
72716
81034
84622
117109
75936
119673
77598
82809
82809
74309
77598
69633
114600
79298
79298
72716
81034
105088
74309
66681
105088
117109
107389
81034
109741
79298
84622
79298
124972
82809
79298
81034
74309
75936
109741
107389
84622
81034
84622
109741
119673
114600
82809
82809
114600
117109
122294
114600
84622
69633
79298
82809
109741
127708
107389
107389
82809
84622
82809
105088
130505
81034
75936
127708
71158
109741
133363
66681
72716
79298
114600
102837
68141
112144
81034
72716
130505
82809
82809
69633
82809
81034
117109
75936
82809
112144
77598
72716
75936
81034
69633
79298
75936
114600
66681
82809
79298
122294
75936
122294
79298
122294
75936
77598
82809
84622
82809
77598
77598
74309
117109
107389
77598
69633
82809
84622
82809
81034
75936
84622
82809
84622
79298
109741
81034
82809
72716
82809
75936
82809
84622
77598
117109
79298
84622
74309
114600
114600
119673
119673
119673
75936
114600
114600
124972
112144
84622
105088
84622
81034
84622
84622
69633
81034
122294
79298
77598
124972
114600
82809
77598
75936
84622
77598
114600
119673
75936
72716
71158
105088
75936
82809
82809
82809
112144
112144
79298
119673
79298
82809
71158
84622
84622
117109
117109
82809
75936
74309
107389
130505
75936
81034
117109
66681
112144
117109
79298
107389
105088
119673
68141
117109
81034
82809
79298
84622
74309
79298
71158
82809
114600
72716
79298
107389
79298
82809
84622
84622
77598
109741
81034
107389
79298
75936
117109
77598
100633
74309
107389
82809
79298
105088
75936
117109
79298
79298
82809
84622
124972
127708
109741
117109
77598
79298
84622
112144
75936
72716
81034
79298
139267
77598
82809
69633
112144
136283
122294
117109
122294
81034
82809
79298
130505
74309
71158
112144
63854
81034
82809
82809
130505
69633
77598
81034
66681
79298
74309
82809
79298
82809
119673
124972
62486
112144
119673
71158
82809
75936
75936
74309
82809
102837
112144
82809
75936
77598
84622
117109
122294
133363
79298
114600
66681
81034
102837
82809
79298
109741
112144
109741
77598
77598
81034
72716
84622
79298
81034
114600
84622
79298
114600
81034
79298
119673
71158
79298
71158
84622
81034
71158
84622
82809
81034
109741
122294
84622
109741
75936
75936
79298
75936
117109
72716
84622
77598
81034
107389
79298
77598
117109
82809
127708
117109
74309
74309
84622
71158
77598
112144
75936
127708
82809
82809
84622
98477
75936
75936
74309
82809
79298
109741
74309
84622
68141
72716
82809
79298
77598
84622
82809
75936
74309
79298
81034
68141
109741
72716
74309
71158
77598
82809
77598
130505
79298
77598
84622
119673
75936
81034
84622
75936
75936
105088
71158
72716
82809
139267
82809
124972
68141
84622
71158
114600
112144
107389
84622
69633
130505
114600
