130505
119673
122294
151872
127708
133363
145433
142317
136283
130505
122294
136283
139267
117109
151872
155197
148618
124972
133363
142317
122294
142317
148618
124972
133363
145433
155197
139267
148618
130505
145433
142317
122294
158596
139267
148618
133363
142317
169244
151872
142317
130505
142317
127708
130505
130505
142317
114600
136283
158596
130505
145433
117109
136283
219483
139267
122294
122294
139267
158596
142317
127708
142317
124972
139267
136283
139267
148618
124972
130505
119673
136283
130505
114600
122294
127708
122294
136283
145433
130505
158596
127708
139267
136283
136283
145433
165618
145433
136283
139267
136283
148618
130505
142317
210177
127708
142317
122294
119673
148618
127708
139267
136283
133363
142317
148618
145433
133363
136283
130505
130505
139267
169244
142317
139267
127708
142317
214779
139267
151872
130505
148618
124972
162069
139267
124972
130505
136283
151872
127708
155197
142317
133363
127708
119673
133363
142317
145433
136283
127708
145433
139267
142317
127708
130505
142317
145433
145433
119673
155197
133363
145433
130505
145433
148618
139267
130505
133363
148618
124972
127708
139267
136283
119673
145433
155197
136283
148618
145433
136283
139267
142317
145433
148618
133363
155197
158596
148618
133363
136283
151872
133363
127708
133363
145433
122294
127708
151872
122294
130505
142317
162069
133363
127708
145433
139267
139267
133363
148618
139267
112144
165618
148618
158596
136283
139267
155197
145433
136283
124972
145433
165618
142317
145433
145433
151872
148618
151872
155197
122294
136283
148618
165618
136283
145433
145433
145433
119673
139267
130505
151872
158596
142317
142317
148618
124972
158596
136283
127708
158596
145433
162069
130505
136283
142317
139267
130505
148618
119673
142317
158596
145433
145433
136283
142317
139267
119673
169244
136283
142317
142317
130505
139267
117109
119673
124972
133363
136283
124972
151872
130505
145433
127708
127708
148618
136283
155197
151872
142317
148618
133363
119673
155197
114600
158596
139267
124972
148618
133363
151872
130505
145433
130505
136283
130505
162069
136283
151872
127708
130505
142317
119673
148618
142317
158596
127708
139267
151872
142317
133363
133363
122294
148618
124972
127708
122294
139267
142317
117109
158596
148618
139267
127708
142317
249944
155197
142317
139267
162069
130505
145433
142317
145433
127708
130505
142317
127708
158596
133363
139267
133363
158596
158596
158596
151872
136283
136283
127708
127708
130505
151872
142317
151872
122294
139267
130505
136283
148618
122294
133363
142317
139267
142317
117109
151872
130505
133363
127708
130505
151872
136283
127708
136283
148618
155197
169244
184562
151872
139267
130505
151872
130505
148618
148618
130505
148618
158596
127708
151872
142317
155197
155197
142317
139267
119673
155197
139267
139267
122294
148618
162069
119673
139267
136283
148618
155197
139267
145433
148618
124972
151872
124972
127708
139267
142317
142317
148618
139267
133363
165618
133363
119673
136283
165618
142317
162069
139267
142317
145433
145433
124972
133363
127708
139267
142317
139267
136283
127708
133363
148618
148618
155197
136283
127708
133363
158596
139267
117109
84622
133363
142317
127708
148618
151872
133363
130505
136283
133363
127708
127708
142317
148618
119673
145433
133363
155197
151872
136283
133363
124972
133363
148618
107389
133363
151872
127708
145433
148618
136283
133363
142317
165618
124972
136283
151872
155197
142317
148618
148618
139267
133363
122294
155197
130505
151872
145433
127708
145433
145433
142317
127708
122294
158596
136283
139267
127708
145433
124972
142317
136283
142317
139267
130505
117109
148618
127708
151872
162069
158596
124972
139267
158596
139267
122294
127708
136283
133363
130505
114600
142317
142317
130505
136283
139267
148618
127708
145433
151872
84622
142317
136283
142317
148618
139267
136283
136283
139267
151872
105088
136283
130505
133363
145433
122294
148618
145433
136283
139267
124972
148618
155197
145433
148618
127708
148618
158596
130505
151872
124972
229200
165618
234219
133363
145433
148618
127708
84622
122294
122294
136283
136283
136283
122294
145433
130505
158596
169244
139267
127708
139267
165618
139267
142317
162069
145433
139267
130505
155197
142317
136283
145433
169244
151872
124972
139267
158596
142317
148618
139267
145433
136283
136283
139267
148618
127708
127708
155197
127708
148618
139267
130505
136283
142317
142317
112144
139267
196954
145433
133363
158596
122294
130505
124972
151872
133363
151872
130505
124972
133363
155197
139267
145433
139267
139267
139267
133363
136283
169244
210177
130505
124972
151872
165618
136283
145433
133363
119673
148618
145433
142317
136283
142317
158596
136283
142317
136283
133363
136283
145433
142317
136283
155197
119673
142317
162069
142317
151872
136283
142317
127708
136283
155197
145433
148618
127708
151872
124972
142317
219483
142317
124972
117109
136283
145433
139267
127708
148618
130505
165618
155197
133363
139267
133363
145433
142317
133363
158596
155197
130505
139267
142317
107389
162069
130505
151872
130505
158596
165618
139267
155197
119673
145433
139267
142317
142317
127708
130505
145433
136283
151872
130505
142317
119673
114600
136283
127708
139267
151872
165618
124972
155197
127708
158596
148618
148618
210177
145433
119673
136283
122294
162069
130505
130505
139267
136283
142317
122294
155197
133363
139267
133363
122294
136283
122294
124972
130505
124972
165618
133363
133363
136283
130505
155197
124972
133363
148618
139267
155197
127708
142317
127708
117109
136283
219483
139267
158596
145433
133363
142317
155197
158596
119673
133363
145433
130505
158596
122294
162069
142317
151872
122294
151872
124972
127708
130505
151872
155197
151872
127708
142317
165618
133363
151872
133363
136283
155197
145433
139267
158596
136283
136283
130505
142317
145433
127708
162069
133363
122294
148618
142317
117109
136283
133363
130505
145433
124972
133363
114600
136283
139267
155197
136283
136283
162069
139267
151872
136283
148618
145433
155197
136283
158596
139267
142317
148618
112144
142317
136283
162069
155197
155197
145433
124972
148618
133363
127708
130505
127708
145433
219483
155197
155197
148618
130505
139267
139267
136283
133363
151872
142317
139267
145433
148618
151872
142317
148618
151872
127708
124972
130505
145433
142317
127708
136283
119673
136283
142317
122294
142317
162069
142317
169244
133363
130505
139267
130505
148618
205674
139267
133363
119673
124972
119673
139267
139267
148618
139267
136283
124972
145433
151872
165618
136283
142317
142317
151872
136283
139267
155197
158596
162069
136283
133363
124972
155197
139267
139267
127708
155197
127708
145433
124972
130505
130505
165618
155197
136283
130505
151872
148618
165618
145433
139267
158596
148618
145433
130505
142317
145433
158596
133363
148618
145433
124972
145433
155197
133363
151872
130505
139267
130505
133363
124972
124972
130505
130505
107389
119673
124972
130505
114600
139267
127708
136283
155197
148618
139267
142317
139267
139267
133363
142317
130505
158596
139267
139267
151872
139267
158596
136283
