122294
84622
81034
127708
109741
122294
136283
122294
127708
127708
105088
109741
84622
84622
114600
127708
117109
136283
119673
133363
122294
142317
133363
122294
119673
133363
119673
77598
127708
84622
112144
142317
130505
72716
130505
114600
109741
84622
119673
117109
84622
79298
77598
122294
139267
82809
84622
84622
117109
114600
84622
119673
145433
127708
142317
81034
82809
130505
122294
114600
142317
79298
119673
122294
79298
122294
133363
114600
124972
122294
117109
119673
130505
84622
122294
75936
119673
114600
107389
122294
133363
82809
117109
124972
119673
112144
81034
82809
114600
117109
109741
142317
145433
142317
127708
145433
130505
81034
133363
114600
81034
124972
84622
130505
117109
79298
117109
107389
82809
133363
124972
130505
112144
127708
117109
84622
107389
82809
112144
127708
119673
75936
105088
82809
117109
84622
117109
119673
107389
79298
82809
139267
133363
112144
122294
127708
122294
124972
119673
81034
127708
130505
119673
84622
81034
84622
77598
84622
75936
102837
119673
124972
136283
124972
127708
130505
117109
84622
122294
133363
130505
139267
139267
114600
117109
133363
117109
136283
122294
122294
148618
122294
112144
82809
117109
107389
122294
122294
114600
79298
79298
107389
122294
119673
122294
130505
117109
102837
112144
112144
124972
142317
127708
119673
122294
142317
117109
79298
84622
124972
109741
119673
117109
124972
117109
119673
84622
127708
133363
139267
84622
107389
82809
119673
79298
117109
122294
124972
112144
109741
127708
119673
112144
117109
84622
84622
119673
114600
117109
133363
82809
84622
77598
84622
105088
77598
75936
114600
82809
114600
117109
117109
127708
112144
124972
117109
124972
114600
142317
114600
117109
130505
148618
107389
119673
122294
119673
84622
119673
124972
107389
114600
82809
139267
127708
112144
109741
117109
77598
124972
130505
119673
122294
119673
124972
133363
130505
105088
122294
133363
119673
117109
133363
105088
82809
119673
81034
119673
119673
117109
124972
127708
114600
117109
117109
82809
130505
122294
119673
124972
112144
82809
124972
82809
133363
112144
84622
119673
130505
124972
124972
127708
119673
84622
107389
79298
130505
112144
84622
124972
82809
82809
114600
109741
124972
82809
119673
102837
114600
112144
81034
136283
72716
107389
130505
117109
133363
130505
117109
136283
107389
79298
127708
112144
84622
127708
139267
117109
112144
84622
142317
130505
117109
117109
114600
81034
139267
84622
119673
133363
112144
119673
124972
124972
122294
82809
130505
117109
124972
112144
151872
119673
79298
102837
81034
127708
122294
124972
82809
114600
75936
82809
105088
142317
100633
112144
130505
114600
119673
122294
133363
112144
84622
84622
122294
119673
124972
77598
122294
114600
84622
79298
112144
119673
109741
122294
119673
84622
81034
79298
119673
81034
112144
119673
119673
124972
84622
133363
109741
114600
122294
84622
136283
124972
124972
75936
119673
109741
145433
127708
122294
84622
117109
130505
130505
119673
77598
122294
124972
124972
130505
109741
114600
142317
82809
112144
130505
124972
122294
107389
124972
130505
117109
117109
142317
127708
112144
122294
77598
127708
84622
133363
127708
117109
82809
124972
133363
127708
122294
133363
81034
127708
107389
79298
127708
119673
114600
79298
114600
117109
130505
84622
124972
109741
117109
112144
119673
127708
114600
84622
124972
72716
142317
117109
119673
81034
145433
81034
130505
124972
142317
82809
109741
124972
109741
119673
127708
124972
79298
109741
119673
122294
124972
122294
112144
124972
112144
79298
109741
75936
119673
117109
119673
84622
81034
127708
122294
75936
124972
124972
127708
122294
84622
127708
122294
122294
112144
114600
84622
139267
82809
124972
109741
127708
81034
122294
124972
109741
130505
84622
130505
82809
82809
136283
82809
130505
84622
122294
114600
107389
81034
114600
136283
114600
75936
84622
84622
84622
122294
112144
117109
75936
124972
77598
136283
79298
109741
119673
117109
117109
79298
77598
112144
107389
81034
142317
127708
122294
130505
139267
82809
119673
117109
82809
122294
127708
127708
130505
84622
79298
124972
148618
84622
114600
124972
112144
133363
114600
127708
122294
139267
82809
114600
130505
133363
136283
119673
139267
84622
124972
130505
148618
114600
133363
130505
119673
84622
81034
122294
122294
142317
114600
119673
122294
122294
122294
127708
139267
127708
112144
136283
112144
114600
112144
122294
136283
112144
133363
130505
119673
84622
81034
82809
112144
117109
117109
84622
109741
119673
130505
142317
112144
114600
112144
112144
84622
142317
124972
122294
122294
74309
124972
77598
130505
77598
81034
130505
130505
117109
133363
127708
69633
77598
82809
81034
127708
119673
82809
84622
136283
112144
124972
130505
117109
139267
84622
124972
130505
81034
130505
124972
119673
84622
117109
82809
124972
81034
81034
145433
107389
84622
114600
133363
114600
127708
124972
84622
127708
114600
148618
114600
122294
130505
68141
122294
114600
122294
112144
81034
112144
142317
119673
82809
127708
133363
82809
107389
112144
133363
119673
142317
84622
112144
133363
142317
119673
136283
136283
127708
119673
81034
122294
133363
124972
127708
119673
84622
130505
133363
122294
133363
114600
112144
112144
79298
112144
122294
130505
136283
127708
122294
122294
119673
117109
119673
119673
81034
122294
117109
122294
109741
127708
127708
130505
81034
82809
127708
81034
127708
75936
130505
122294
136283
77598
84622
122294
122294
130505
77598
117109
107389
136283
122294
136283
139267
127708
127708
84622
136283
122294
81034
122294
82809
77598
139267
109741
139267
122294
81034
109741
119673
124972
112144
84622
119673
82809
112144
109741
124972
127708
124972
84622
136283
127708
81034
133363
81034
82809
82809
84622
133363
124972
119673
122294
102837
114600
112144
119673
130505
127708
122294
127708
109741
117109
81034
127708
82809
130505
136283
112144
112144
74309
82809
114600
139267
119673
119673
133363
117109
122294
107389
136283
127708
117109
142317
117109
107389
75936
127708
130505
84622
112144
84622
81034
117109
84622
148618
119673
107389
130505
130505
109741
82809
112144
124972
124972
114600
119673
139267
112144
136283
74309
124972
133363
82809
112144
112144
109741
79298
127708
107389
84622
142317
122294
84622
127708
112144
82809
84622
119673
119673
122294
81034
124972
119673
119673
117109
122294
112144
84622
117109
130505
130505
117109
77598
136283
133363
119673
127708
81034
127708
109741
114600
119673
109741
122294
69633
139267
84622
117109
117109
117109
122294
81034
109741
82809
117109
84622
124972
114600
102837
127708
102837
79298
136283
119673
136283
81034
82809
122294
82809
127708
84622
109741
79298
127708
112144
114600
109741
84622
114600
127708
139267
142317
124972
124972
148618
127708
122294
142317
114600
136283
117109
109741
79298
112144
117109
81034
136283
151872
