244589
145433
133363
169244
151872
165618
139267
142317
165618
165618
145433
155197
148618
155197
165618
127708
229200
210177
145433
124972
158596
148618
139267
148618
219483
139267
169244
148618
130505
148618
162069
155197
151872
145433
155197
151872
155197
165618
151872
145433
165618
151872
130505
165618
136283
142317
158596
239347
169244
239347
155197
229200
130505
244589
130505
148618
142317
148618
155197
158596
158596
136283
130505
158596
165618
136283
205674
162069
148618
142317
155197
136283
224289
155197
169244
224289
133363
169244
155197
142317
214779
151872
145433
151872
127708
133363
210177
165618
158596
136283
142317
155197
142317
214779
155197
145433
145433
139267
142317
151872
145433
127708
148618
219483
145433
142317
136283
151872
148618
158596
239347
130505
158596
229200
151872
229200
145433
139267
139267
158596
155197
139267
151872
130505
162069
155197
136283
155197
145433
145433
148618
234219
145433
234219
158596
133363
148618
229200
165618
162069
142317
148618
155197
224289
158596
151872
133363
155197
155197
249944
151872
142317
165618
169244
162069
210177
165618
169244
210177
145433
151872
219483
162069
136283
142317
162069
155197
158596
130505
169244
169244
142317
162069
214779
133363
249944
133363
151872
145433
142317
234219
148618
165618
219483
136283
136283
139267
165618
148618
151872
139267
219483
169244
142317
151872
169244
158596
136283
136283
162069
224289
165618
165618
165618
158596
148618
145433
139267
162069
162069
155197
158596
155197
201266
130505
145433
162069
145433
145433
165618
151872
169244
139267
158596
148618
239347
158596
151872
169244
155197
169244
158596
169244
145433
148618
158596
158596
158596
139267
165618
162069
155197
162069
165618
145433
151872
151872
142317
145433
142317
148618
239347
169244
162069
151872
249944
214779
165618
151872
249944
165618
165618
234219
145433
148618
239347
158596
169244
151872
169244
142317
165618
158596
214779
162069
158596
145433
148618
142317
145433
165618
145433
148618
158596
158596
148618
136283
158596
169244
210177
139267
145433
155197
155197
142317
165618
155197
162069
136283
158596
133363
155197
210177
158596
162069
136283
136283
229200
162069
155197
151872
151872
142317
155197
151872
266726
214779
142317
165618
145433
145433
139267
139267
155197
145433
139267
219483
151872
124972
133363
165618
155197
133363
162069
158596
145433
158596
214779
169244
158596
234219
142317
169244
229200
136283
142317
142317
155197
148618
155197
155197
142317
151872
145433
148618
165618
145433
145433
169244
148618
151872
151872
162069
151872
244589
148618
169244
214779
229200
229200
127708
145433
158596
165618
169244
145433
148618
151872
169244
158596
155197
148618
114600
155197
155197
158596
148618
151872
155197
155197
148618
142317
234219
229200
136283
155197
142317
148618
249944
148618
158596
148618
158596
133363
169244
158596
142317
127708
148618
165618
158596
136283
158596
214779
229200
158596
148618
145433
148618
210177
139267
151872
139267
151872
151872
142317
151872
155197
234219
139267
155197
162069
155197
151872
151872
142317
219483
158596
148618
155197
158596
165618
155197
162069
162069
145433
165618
169244
139267
162069
133363
145433
151872
155197
145433
117109
205674
162069
151872
145433
165618
145433
148618
224289
151872
148618
127708
219483
205674
162069
169244
239347
139267
155197
151872
151872
165618
139267
278535
133363
148618
151872
142317
155197
130505
158596
155197
162069
165618
162069
133363
229200
151872
165618
169244
229200
169244
142317
145433
148618
155197
158596
139267
151872
145433
133363
133363
162069
139267
205674
158596
142317
148618
136283
165618
162069
162069
151872
162069
142317
162069
205674
142317
136283
284634
165618
148618
139267
145433
205674
151872
158596
142317
224289
158596
136283
148618
151872
205674
162069
158596
205674
158596
169244
151872
155197
169244
151872
139267
169244
155197
158596
139267
158596
169244
145433
155197
130505
155197
162069
165618
239347
139267
169244
151872
169244
162069
165618
139267
155197
139267
158596
224289
244589
148618
133363
145433
162069
169244
155197
158596
151872
142317
155197
151872
130505
169244
133363
151872
142317
155197
151872
127708
210177
155197
136283
151872
148618
136283
151872
145433
145433
244589
136283
151872
219483
145433
136283
142317
165618
165618
165618
158596
133363
145433
158596
162069
155197
142317
130505
142317
139267
155197
145433
145433
127708
158596
229200
142317
229200
119673
155197
158596
155197
155197
151872
148618
142317
155197
239347
214779
148618
142317
151872
133363
142317
155197
151872
169244
244589
155197
151872
158596
162069
130505
133363
148618
158596
158596
130505
158596
148618
151872
219483
162069
148618
151872
145433
162069
133363
219483
155197
142317
136283
229200
145433
145433
162069
155197
234219
145433
158596
255417
169244
158596
155197
145433
148618
219483
162069
127708
261010
229200
155197
165618
142317
142317
169244
158596
162069
130505
130505
158596
142317
151872
165618
210177
145433
142317
145433
142317
148618
139267
169244
162069
158596
155197
165618
229200
165618
165618
130505
136283
169244
145433
158596
155197
155197
158596
162069
214779
214779
139267
151872
148618
145433
133363
145433
142317
165618
148618
158596
145433
155197
155197
151872
142317
148618
148618
229200
136283
139267
219483
165618
224289
139267
148618
158596
162069
165618
151872
151872
165618
148618
234219
127708
155197
133363
169244
158596
169244
145433
136283
162069
162069
136283
145433
133363
127708
145433
133363
219483
155197
155197
133363
165618
169244
139267
142317
165618
136283
148618
122294
158596
165618
142317
145433
139267
162069
165618
158596
133363
229200
142317
162069
130505
165618
169244
155197
142317
155197
124972
158596
169244
139267
165618
148618
145433
165618
155197
155197
155197
133363
158596
139267
155197
142317
162069
148618
162069
130505
169244
155197
162069
145433
162069
145433
249944
158596
142317
162069
148618
142317
165618
139267
145433
155197
162069
142317
139267
145433
158596
145433
139267
136283
224289
158596
162069
169244
234219
151872
162069
142317
165618
162069
244589
155197
158596
244589
162069
158596
148618
151872
148618
151872
165618
162069
158596
130505
162069
142317
148618
165618
148618
255417
145433
148618
145433
162069
162069
142317
162069
165618
165618
148618
165618
151872
148618
169244
151872
136283
151872
249944
169244
158596
244589
139267
162069
145433
165618
151872
214779
165618
155197
142317
165618
162069
142317
158596
124972
130505
244589
145433
148618
142317
229200
155197
142317
148618
219483
151872
151872
158596
148618
136283
162069
158596
142317
155197
151872
145433
119673
148618
155197
136283
205674
158596
165618
139267
155197
158596
229200
162069
136283
165618
162069
148618
151872
136283
169244
249944
148618
124972
165618
145433
158596
162069
158596
155197
155197
155197
145433
151872
151872
169244
151872
142317
139267
169244
158596
162069
139267
165618
145433
162069
136283
151872
162069
169244
155197
165618
142317
148618
139267
148618
162069
165618
136283
136283
158596
