266726
130505
234219
244589
224289
165618
162069
229200
158596
261010
229200
142317
155197
169244
162069
155197
162069
155197
165618
151872
155197
169244
145433
234219
224289
219483
165618
224289
165618
229200
210177
151872
155197
219483
169244
261010
239347
219483
239347
151872
229200
229200
229200
224289
169244
219483
244589
151872
151872
155197
162069
151872
148618
261010
224289
205674
169244
255417
239347
229200
266726
234219
148618
151872
162069
158596
142317
162069
210177
165618
224289
165618
229200
249944
272566
148618
255417
155197
229200
142317
165618
165618
261010
224289
224289
155197
255417
162069
136283
145433
145433
169244
148618
210177
249944
165618
165618
244589
169244
165618
249944
249944
162069
244589
151872
162069
229200
148618
155197
278535
148618
244589
284634
162069
155197
165618
162069
155197
214779
205674
234219
169244
162069
239347
249944
148618
224289
165618
249944
210177
239347
151872
169244
165618
142317
158596
158596
155197
224289
151872
139267
244589
162069
201266
142317
214779
162069
214779
158596
224289
148618
162069
165618
133363
155197
162069
169244
145433
158596
165618
158596
169244
261010
155197
169244
239347
142317
145433
148618
234219
239347
151872
158596
169244
169244
127708
234219
165618
249944
255417
151872
158596
272566
151872
165618
158596
165618
151872
229200
239347
255417
249944
239347
151872
142317
169244
151872
155197
158596
229200
239347
158596
148618
224289
145433
169244
162069
155197
234219
210177
165618
145433
151872
162069
142317
201266
169244
249944
158596
266726
158596
162069
162069
155197
272566
139267
224289
239347
169244
162069
239347
229200
155197
224289
239347
169244
151872
148618
151872
158596
151872
155197
148618
162069
261010
165618
148618
145433
239347
169244
148618
145433
239347
151872
219483
210177
229200
148618
162069
261010
165618
155197
261010
249944
244589
278535
165618
272566
165618
158596
145433
142317
249944
133363
219483
169244
165618
162069
158596
249944
148618
201266
169244
210177
219483
155197
224289
169244
158596
155197
244589
162069
244589
261010
158596
169244
165618
158596
162069
133363
239347
162069
165618
234219
145433
169244
244589
142317
148618
239347
229200
148618
158596
165618
229200
142317
165618
158596
169244
148618
158596
169244
261010
255417
151872
284634
169244
214779
158596
249944
234219
148618
234219
169244
219483
249944
158596
272566
261010
169244
169244
148618
158596
210177
239347
266726
162069
239347
244589
162069
234219
151872
239347
219483
249944
155197
165618
158596
151872
162069
234219
278535
142317
229200
158596
244589
145433
205674
169244
162069
155197
219483
214779
261010
165618
169244
239347
162069
214779
165618
155197
239347
155197
169244
224289
239347
158596
239347
244589
165618
229200
158596
155197
158596
229200
151872
229200
234219
169244
272566
214779
165618
155197
249944
169244
266726
162069
169244
229200
151872
244589
162069
162069
162069
234219
169244
255417
229200
145433
261010
155197
155197
151872
155197
136283
165618
148618
148618
165618
255417
148618
244589
158596
151872
244589
148618
224289
234219
229200
169244
169244
278535
162069
234219
155197
158596
124972
205674
234219
234219
165618
155197
155197
155197
214779
151872
266726
169244
158596
151872
155197
151872
151872
162069
162069
158596
165618
214779
165618
261010
162069
165618
229200
266726
162069
162069
169244
249944
155197
145433
151872
169244
169244
224289
158596
145433
244589
244589
148618
244589
155197
169244
244589
165618
169244
162069
224289
239347
234219
158596
162069
155197
210177
272566
210177
169244
239347
224289
234219
255417
234219
158596
224289
234219
169244
145433
158596
266726
165618
162069
234219
234219
151872
278535
239347
234219
214779
162069
234219
239347
234219
234219
239347
151872
162069
162069
158596
239347
162069
214779
158596
165618
139267
169244
219483
169244
169244
261010
239347
142317
244589
158596
158596
145433
244589
139267
165618
162069
158596
162069
165618
229200
162069
155197
165618
249944
158596
229200
229200
239347
162069
214779
158596
239347
266726
219483
155197
239347
229200
169244
155197
239347
234219
169244
151872
244589
224289
214779
155197
155197
148618
162069
155197
234219
244589
229200
162069
169244
239347
165618
162069
255417
162069
255417
145433
224289
155197
255417
158596
234219
272566
148618
155197
155197
162069
165618
169244
158596
139267
219483
239347
169244
162069
244589
249944
145433
142317
165618
162069
169244
255417
214779
214779
155197
165618
169244
249944
169244
162069
162069
239347
158596
249944
151872
169244
136283
169244
266726
162069
219483
266726
219483
165618
158596
165618
158596
165618
155197
210177
148618
165618
205674
148618
239347
165618
244589
234219
272566
142317
162069
249944
249944
224289
162069
155197
224289
284634
151872
165618
165618
151872
165618
224289
169244
219483
205674
155197
229200
239347
155197
244589
169244
255417
244589
244589
162069
158596
229200
266726
196954
249944
244589
162069
255417
239347
165618
151872
219483
165618
165618
239347
162069
158596
162069
249944
165618
155197
165618
244589
234219
165618
151872
272566
151872
169244
224289
244589
145433
148618
249944
162069
255417
234219
234219
244589
210177
210177
229200
162069
158596
142317
162069
229200
158596
151872
266726
224289
155197
169244
145433
165618
158596
244589
162069
201266
158596
165618
169244
162069
169244
158596
224289
169244
165618
151872
145433
261010
148618
224289
139267
229200
169244
224289
244589
169244
151872
158596
219483
139267
239347
205674
224289
169244
165618
234219
142317
229200
255417
165618
244589
234219
224289
169244
244589
234219
165618
214779
165618
229200
162069
229200
169244
219483
162069
249944
142317
151872
169244
255417
169244
127708
205674
158596
165618
158596
162069
169244
165618
151872
148618
158596
244589
214779
158596
169244
244589
210177
169244
139267
272566
158596
165618
151872
234219
229200
239347
224289
224289
169244
229200
169244
234219
229200
266726
158596
229200
165618
219483
239347
249944
158596
239347
169244
155197
162069
229200
169244
151872
158596
255417
234219
234219
162069
239347
249944
165618
162069
169244
229200
139267
244589
169244
162069
151872
234219
165618
158596
224289
229200
158596
229200
162069
165618
234219
162069
148618
239347
162069
136283
165618
158596
234219
165618
224289
219483
162069
145433
234219
155197
155197
219483
151872
158596
219483
234219
158596
136283
142317
155197
234219
165618
151872
151872
145433
224289
229200
158596
155197
239347
201266
284634
127708
162069
255417
165618
229200
205674
162069
158596
266726
244589
148618
169244
148618
165618
169244
224289
272566
234219
136283
148618
162069
155197
136283
249944
266726
148618
165618
169244
162069
272566
151872
219483
158596
255417
169244
214779
165618
158596
261010
234219
169244
244589
224289
169244
192733
303744
224289
169244
229200
229200
162069
249944
145433
266726
219483
155197
234219
162069
214779
165618
162069
139267
158596
148618
158596
169244
169244
155197
155197
145433
219483
162069
239347
148618
244589
162069
229200
219483
234219
