244589
272566
239347
255417
249944
255417
290866
272566
261010
261010
317192
224289
266726
272566
224289
261010
266726
266726
244589
224289
272566
261010
284634
234219
234219
272566
158596
239347
255417
169244
249944
244589
255417
255417
234219
266726
278535
234219
162069
249944
239347
224289
278535
249944
239347
162069
261010
297236
255417
234219
239347
272566
234219
249944
234219
266726
261010
244589
266726
266726
266726
244589
266726
266726
284634
229200
234219
255417
290866
224289
255417
249944
297236
244589
261010
249944
310395
255417
234219
244589
165618
261010
266726
266726
162069
249944
224289
234219
239347
234219
255417
272566
261010
249944
297236
266726
239347
290866
229200
162069
278535
239347
284634
249944
234219
272566
255417
244589
310395
290866
255417
261010
272566
272566
239347
284634
290866
272566
266726
234219
266726
272566
255417
239347
249944
266726
239347
169244
249944
151872
261010
290866
303744
244589
239347
310395
261010
297236
255417
272566
249944
219483
266726
229200
284634
239347
255417
239347
234219
229200
224289
234219
239347
255417
165618
284634
255417
165618
229200
249944
266726
239347
261010
239347
266726
244589
284634
239347
244589
239347
278535
272566
169244
278535
317192
219483
290866
255417
239347
244589
239347
310395
244589
234219
249944
224289
261010
266726
249944
272566
284634
272566
266726
290866
249944
266726
266726
266726
255417
261010
162069
261010
266726
239347
249944
234219
272566
261010
310395
297236
255417
266726
158596
278535
266726
261010
249944
255417
261010
261010
205674
234219
272566
239347
255417
239347
210177
255417
249944
266726
261010
261010
244589
278535
272566
249944
272566
224289
272566
239347
266726
266726
266726
266726
229200
261010
249944
151872
214779
297236
249944
255417
284634
244589
249944
284634
249944
272566
249944
229200
244589
249944
229200
266726
290866
266726
255417
214779
266726
234219
219483
224289
239347
229200
261010
255417
261010
272566
249944
239347
234219
266726
239347
234219
278535
278535
303744
255417
239347
261010
266726
244589
255417
244589
229200
272566
255417
249944
278535
229200
244589
239347
249944
158596
272566
239347
224289
244589
255417
249944
244589
255417
278535
255417
290866
278535
229200
261010
297236
244589
165618
239347
278535
261010
272566
272566
234219
272566
266726
303744
239347
266726
272566
272566
261010
266726
249944
165618
234219
278535
266726
239347
284634
272566
244589
290866
278535
266726
284634
249944
148618
261010
278535
162069
255417
261010
249944
255417
229200
261010
244589
272566
272566
244589
255417
234219
255417
155197
239347
266726
266726
229200
284634
244589
239347
244589
229200
249944
278535
162069
151872
224289
284634
239347
229200
239347
244589
210177
219483
297236
272566
158596
249944
244589
261010
229200
266726
278535
261010
162069
239347
234219
284634
272566
290866
278535
244589
284634
244589
244589
272566
165618
272566
219483
284634
284634
255417
239347
244589
249944
165618
249944
266726
234219
229200
290866
234219
338489
278535
234219
272566
303744
249944
284634
272566
284634
169244
224289
290866
255417
165618
249944
239347
219483
224289
249944
249944
229200
255417
224289
255417
255417
317192
266726
158596
278535
169244
249944
266726
261010
261010
284634
234219
239347
234219
255417
239347
249944
239347
249944
255417
224289
234219
278535
210177
266726
244589
214779
249944
255417
272566
278535
272566
249944
224289
284634
255417
290866
266726
261010
266726
214779
249944
224289
158596
261010
290866
224289
261010
272566
165618
244589
272566
229200
229200
244589
297236
261010
278535
162069
284634
278535
244589
249944
255417
239347
249944
272566
249944
169244
255417
278535
244589
255417
284634
155197
266726
229200
249944
155197
261010
266726
239347
234219
272566
229200
278535
165618
261010
158596
272566
234219
239347
261010
234219
244589
255417
266726
278535
290866
229200
165618
272566
272566
255417
272566
284634
272566
255417
169244
278535
297236
244589
272566
219483
239347
266726
224289
148618
244589
244589
239347
272566
266726
255417
229200
255417
239347
266726
261010
272566
255417
255417
255417
249944
244589
249944
266726
239347
169244
234219
261010
266726
239347
244589
278535
169244
224289
244589
249944
255417
249944
284634
239347
266726
169244
169244
278535
239347
261010
284634
261010
261010
272566
210177
266726
239347
162069
278535
284634
158596
249944
239347
272566
239347
219483
162069
239347
244589
278535
229200
297236
224289
249944
249944
272566
234219
249944
261010
272566
266726
162069
239347
255417
234219
261010
244589
169244
261010
266726
244589
266726
255417
239347
229200
249944
255417
261010
234219
317192
244589
290866
297236
224289
297236
234219
266726
244589
255417
158596
261010
278535
261010
244589
249944
239347
284634
266726
284634
272566
165618
303744
272566
266726
290866
239347
234219
244589
249944
261010
278535
249944
244589
261010
272566
261010
249944
169244
261010
255417
266726
290866
234219
224289
331236
165618
266726
165618
155197
290866
255417
266726
255417
158596
272566
255417
244589
244589
290866
261010
210177
278535
224289
261010
249944
278535
272566
266726
261010
162069
234219
272566
272566
229200
229200
261010
266726
214779
234219
249944
249944
255417
255417
290866
261010
255417
244589
239347
249944
244589
284634
261010
272566
297236
244589
255417
249944
244589
239347
290866
239347
266726
249944
272566
239347
239347
244589
239347
284634
261010
219483
214779
278535
158596
284634
255417
278535
162069
266726
272566
255417
278535
169244
261010
266726
229200
244589
261010
239347
278535
255417
297236
266726
272566
266726
261010
169244
255417
272566
290866
255417
278535
244589
249944
219483
244589
261010
266726
266726
255417
272566
272566
261010
255417
290866
239347
244589
255417
249944
290866
278535
266726
214779
266726
272566
219483
234219
249944
310395
234219
169244
272566
249944
255417
210177
290866
239347
290866
272566
239347
229200
249944
255417
266726
266726
266726
234219
261010
255417
255417
278535
249944
255417
234219
234219
278535
244589
219483
272566
224289
165618
239347
239347
219483
224289
234219
278535
169244
219483
239347
249944
272566
272566
255417
261010
244589
284634
255417
234219
244589
266726
244589
244589
165618
165618
229200
224289
278535
239347
261010
272566
284634
261010
244589
239347
255417
278535
290866
165618
249944
165618
234219
169244
249944
266726
239347
234219
224289
261010
278535
266726
244589
266726
284634
272566
239347
239347
255417
249944
272566
255417
239347
249944
169244
266726
278535
255417
229200
272566
255417
234219
255417
244589
169244
272566
239347
239347
278535
255417
244589
249944
224289
303744
266726
239347
272566
244589
244589
210177
249944
239347
249944
266726
261010
244589
297236
249944
249944
244589
266726
169244
234219
266726
229200
234219
249944
290866
249944
224289
272566
169244
278535
261010
229200
244589
244589
165618
317192
255417
278535
266726
272566
284634
261010
266726
229200
239347
229200
266726
261010
290866
272566
244589
249944
255417
278535
244589
239347
239347
249944
