162069
151872
249944
139267
151872
158596
244589
169244
244589
239347
196954
234219
148618
158596
266726
229200
278535
249944
239347
169244
255417
151872
255417
158596
239347
214779
249944
284634
239347
249944
239347
239347
255417
229200
244589
210177
158596
266726
219483
169244
249944
219483
244589
165618
219483
278535
239347
224289
255417
244589
234219
155197
244589
239347
249944
239347
290866
158596
158596
214779
224289
239347
255417
234219
142317
165618
239347
214779
278535
169244
162069
219483
169244
162069
162069
155197
224289
169244
155197
239347
266726
239347
169244
165618
234219
165618
169244
169244
239347
261010
148618
266726
224289
165618
229200
169244
249944
272566
234219
261010
224289
229200
239347
229200
234219
261010
229200
165618
229200
244589
255417
158596
244589
229200
249944
169244
229200
249944
261010
249944
155197
255417
165618
162069
214779
244589
290866
249944
261010
234219
261010
158596
214779
249944
261010
158596
205674
249944
255417
162069
169244
261010
255417
169244
234219
219483
169244
266726
229200
155197
162069
244589
317192
234219
162069
244589
219483
148618
239347
249944
234219
249944
229200
169244
261010
145433
272566
234219
169244
151872
244589
244589
165618
234219
229200
244589
205674
224289
165618
244589
249944
169244
214779
249944
284634
239347
229200
224289
165618
272566
165618
165618
151872
155197
224289
249944
266726
155197
224289
255417
229200
165618
239347
224289
155197
219483
224289
272566
234219
165618
142317
278535
249944
169244
249944
229200
210177
261010
261010
214779
224289
249944
239347
278535
234219
224289
219483
162069
234219
244589
158596
210177
284634
219483
244589
162069
158596
224289
234219
244589
261010
244589
249944
272566
290866
249944
249944
239347
162069
224289
224289
234219
165618
162069
201266
255417
234219
255417
169244
214779
214779
284634
272566
272566
272566
158596
165618
214779
155197
278535
255417
239347
261010
210177
162069
278535
165618
219483
239347
229200
158596
255417
249944
219483
249944
266726
165618
224289
158596
162069
224289
278535
249944
239347
214779
266726
219483
234219
239347
249944
229200
249944
249944
249944
261010
278535
234219
239347
169244
249944
169244
234219
155197
261010
239347
219483
165618
290866
155197
278535
266726
214779
229200
165618
234219
255417
244589
219483
249944
244589
244589
266726
234219
162069
244589
229200
151872
229200
255417
229200
234219
169244
229200
255417
151872
249944
239347
229200
255417
155197
261010
244589
158596
249944
224289
139267
224289
249944
219483
266726
261010
249944
229200
261010
234219
142317
142317
244589
169244
162069
162069
239347
162069
139267
229200
261010
234219
169244
266726
210177
244589
158596
155197
165618
239347
229200
148618
158596
244589
255417
165618
162069
165618
210177
249944
272566
229200
219483
249944
214779
266726
244589
158596
224289
165618
162069
261010
162069
158596
219483
239347
158596
169244
158596
244589
255417
169244
244589
229200
261010
165618
239347
219483
158596
169244
224289
244589
244589
169244
310395
249944
234219
219483
165618
244589
162069
155197
244589
234219
229200
261010
155197
158596
261010
261010
162069
151872
284634
261010
249944
219483
229200
201266
255417
234219
169244
165618
162069
162069
155197
169244
158596
249944
310395
249944
249944
249944
219483
224289
249944
210177
272566
249944
165618
165618
272566
229200
272566
249944
290866
249944
272566
244589
261010
155197
165618
239347
169244
169244
162069
145433
158596
219483
234219
155197
158596
229200
224289
219483
158596
234219
261010
229200
229200
162069
165618
158596
158596
165618
266726
234219
234219
165618
224289
272566
219483
239347
239347
165618
290866
169244
239347
249944
158596
284634
234219
224289
162069
244589
272566
255417
162069
155197
214779
272566
158596
239347
255417
165618
266726
249944
239347
255417
234219
162069
249944
219483
224289
266726
210177
278535
239347
234219
165618
244589
151872
214779
169244
219483
214779
155197
261010
234219
239347
162069
272566
239347
244589
244589
244589
169244
219483
249944
169244
169244
244589
266726
210177
224289
244589
165618
234219
162069
255417
169244
234219
261010
266726
158596
145433
244589
249944
234219
234219
234219
224289
234219
261010
249944
214779
255417
239347
229200
261010
249944
151872
162069
239347
169244
261010
169244
239347
266726
234219
169244
255417
266726
201266
303744
165618
145433
255417
162069
239347
234219
158596
239347
266726
266726
234219
155197
255417
158596
151872
261010
165618
255417
244589
261010
239347
165618
278535
158596
165618
244589
234219
229200
169244
229200
169244
290866
162069
155197
219483
255417
165618
165618
169244
272566
234219
229200
234219
158596
169244
219483
261010
169244
165618
162069
229200
162069
229200
255417
151872
219483
162069
244589
261010
278535
266726
155197
229200
162069
229200
239347
249944
234219
169244
136283
165618
249944
297236
239347
244589
244589
229200
239347
229200
162069
255417
219483
169244
162069
210177
266726
234219
219483
165618
151872
169244
278535
219483
158596
239347
249944
165618
249944
165618
142317
224289
249944
169244
219483
219483
255417
249944
214779
162069
244589
239347
272566
266726
219483
261010
155197
272566
261010
239347
151872
239347
244589
151872
169244
266726
261010
272566
139267
234219
239347
165618
249944
151872
169244
162069
145433
255417
239347
219483
201266
249944
214779
151872
169244
239347
229200
239347
162069
169244
244589
255417
229200
229200
297236
162069
165618
244589
261010
239347
244589
234219
234219
244589
158596
266726
278535
324138
249944
249944
255417
162069
234219
155197
162069
148618
165618
234219
162069
162069
148618
169244
249944
148618
165618
239347
239347
162069
219483
151872
244589
229200
266726
284634
148618
139267
158596
239347
158596
249944
169244
169244
162069
165618
239347
255417
151872
158596
158596
169244
272566
162069
229200
155197
244589
165618
224289
261010
165618
234219
284634
169244
249944
234219
229200
297236
158596
244589
234219
266726
151872
136283
214779
244589
239347
255417
244589
239347
165618
169244
165618
165618
244589
229200
158596
224289
261010
148618
244589
151872
165618
158596
169244
229200
224289
229200
266726
244589
297236
229200
158596
272566
148618
148618
169244
158596
244589
244589
255417
224289
244589
278535
244589
244589
169244
148618
261010
249944
239347
234219
162069
162069
234219
162069
155197
155197
151872
165618
249944
239347
244589
165618
244589
162069
261010
229200
205674
151872
165618
239347
165618
244589
224289
278535
169244
234219
261010
244589
244589
158596
249944
219483
169244
266726
224289
169244
219483
169244
224289
214779
234219
239347
244589
266726
239347
272566
224289
234219
239347
169244
249944
169244
255417
297236
165618
162069
234219
266726
255417
169244
255417
255417
162069
162069
244589
249944
229200
255417
239347
151872
224289
255417
272566
169244
224289
239347
266726
165618
165618
266726
169244
239347
162069
169244
229200
244589
151872
244589
249944
239347
158596
158596
244589
249944
261010
214779
155197
234219
234219
151872
224289
169244
