136283
169244
151872
229200
249944
214779
239347
255417
229200
255417
155197
169244
165618
162069
155197
229200
239347
219483
219483
151872
229200
158596
158596
229200
165618
151872
244589
244589
155197
224289
239347
169244
214779
239347
239347
155197
234219
165618
162069
165618
249944
244589
234219
148618
165618
155197
142317
158596
229200
145433
244589
255417
210177
148618
219483
145433
162069
165618
165618
133363
219483
162069
158596
229200
239347
169244
162069
151872
244589
249944
155197
214779
244589
239347
155197
139267
239347
229200
255417
165618
162069
234219
145433
158596
224289
229200
162069
234219
165618
162069
165618
158596
229200
249944
219483
234219
151872
255417
155197
244589
229200
151872
151872
151872
234219
214779
169244
148618
255417
169244
151872
169244
229200
234219
278535
255417
224289
201266
169244
229200
255417
162069
219483
229200
219483
169244
165618
169244
272566
249944
210177
210177
266726
158596
249944
145433
229200
201266
145433
219483
224289
145433
261010
229200
165618
249944
229200
169244
224289
148618
255417
261010
229200
214779
145433
244589
255417
239347
219483
224289
165618
158596
162069
162069
224289
158596
169244
165618
219483
158596
244589
234219
151872
148618
214779
169244
214779
162069
169244
244589
151872
155197
219483
162069
145433
169244
162069
165618
162069
229200
249944
234219
239347
224289
165618
229200
229200
155197
261010
239347
162069
148618
158596
239347
239347
224289
158596
162069
151872
158596
169244
239347
244589
148618
255417
165618
229200
244589
169244
219483
155197
148618
229200
214779
249944
239347
169244
145433
169244
239347
162069
162069
205674
214779
155197
255417
165618
158596
249944
229200
169244
169244
165618
169244
244589
155197
239347
165618
261010
210177
234219
239347
234219
244589
239347
158596
229200
229200
219483
229200
162069
278535
169244
148618
224289
136283
239347
249944
165618
239347
255417
224289
266726
158596
239347
165618
249944
239347
229200
162069
145433
244589
165618
158596
169244
255417
244589
142317
239347
239347
255417
158596
165618
234219
155197
261010
239347
158596
234219
272566
155197
169244
284634
155197
162069
244589
224289
162069
165618
219483
239347
234219
165618
145433
234219
239347
224289
158596
151872
229200
169244
158596
169244
244589
139267
151872
169244
229200
244589
255417
165618
169244
165618
244589
158596
229200
261010
142317
151872
158596
244589
255417
219483
155197
229200
136283
255417
261010
249944
249944
244589
155197
219483
210177
148618
158596
261010
158596
219483
169244
219483
278535
219483
219483
219483
165618
239347
249944
224289
255417
229200
239347
169244
169244
158596
261010
162069
169244
158596
169244
234219
244589
219483
162069
169244
169244
151872
224289
169244
148618
266726
151872
169244
255417
255417
158596
162069
169244
224289
165618
158596
169244
239347
214779
249944
239347
239347
244589
255417
224289
255417
162069
244589
169244
272566
229200
165618
158596
214779
249944
165618
158596
224289
158596
148618
249944
234219
229200
234219
165618
142317
249944
169244
224289
255417
165618
162069
165618
239347
214779
234219
165618
158596
169244
255417
158596
234219
244589
155197
165618
234219
165618
239347
151872
165618
151872
151872
165618
249944
151872
165618
244589
229200
234219
169244
162069
155197
239347
210177
234219
169244
162069
278535
165618
214779
229200
165618
234219
224289
249944
224289
249944
229200
158596
229200
162069
210177
158596
229200
229200
255417
139267
169244
151872
165618
151872
169244
229200
244589
214779
234219
255417
162069
155197
249944
224289
169244
234219
219483
234219
261010
162069
255417
169244
151872
255417
158596
165618
169244
255417
136283
234219
162069
169244
239347
255417
210177
169244
244589
244589
158596
239347
224289
219483
169244
266726
284634
158596
234219
165618
155197
151872
239347
169244
249944
169244
148618
229200
162069
162069
261010
169244
234219
169244
148618
239347
244589
155197
224289
148618
234219
214779
249944
169244
255417
229200
229200
158596
249944
169244
261010
145433
224289
219483
239347
169244
169244
244589
142317
148618
165618
169244
239347
169244
224289
155197
224289
229200
196954
239347
255417
210177
229200
278535
169244
244589
145433
205674
239347
214779
239347
169244
229200
162069
244589
162069
210177
234219
165618
239347
229200
239347
255417
145433
239347
162069
155197
234219
158596
266726
224289
165618
234219
229200
165618
239347
229200
234219
244589
165618
162069
165618
266726
239347
224289
145433
239347
261010
234219
244589
255417
169244
210177
210177
234219
214779
155197
234219
244589
162069
249944
139267
158596
234219
249944
165618
229200
266726
244589
165618
219483
136283
151872
239347
162069
151872
162069
239347
234219
169244
234219
165618
142317
145433
162069
261010
169244
162069
214779
162069
249944
255417
244589
169244
169244
162069
261010
266726
165618
169244
244589
249944
229200
234219
158596
229200
162069
249944
229200
219483
158596
224289
210177
165618
169244
239347
169244
234219
224289
249944
234219
234219
165618
139267
244589
165618
272566
155197
244589
155197
158596
249944
244589
205674
219483
165618
249944
249944
145433
229200
249944
158596
158596
278535
224289
234219
224289
155197
169244
162069
266726
249944
169244
234219
165618
151872
151872
255417
266726
266726
205674
229200
155197
158596
239347
214779
224289
234219
278535
278535
158596
162069
278535
158596
169244
151872
239347
155197
229200
229200
169244
244589
261010
229200
249944
158596
148618
169244
155197
205674
239347
219483
155197
219483
244589
239347
244589
214779
229200
239347
219483
155197
151872
158596
169244
210177
155197
158596
249944
162069
261010
278535
244589
278535
165618
224289
169244
165618
162069
148618
290866
249944
151872
165618
155197
239347
158596
229200
205674
239347
155197
162069
151872
145433
151872
165618
151872
165618
169244
169244
219483
229200
229200
244589
239347
224289
158596
151872
165618
244589
162069
145433
155197
155197
169244
249944
261010
249944
169244
229200
229200
151872
158596
229200
255417
234219
148618
165618
165618
255417
158596
249944
272566
272566
214779
244589
239347
169244
234219
162069
214779
136283
234219
219483
234219
169244
165618
229200
169244
151872
239347
272566
155197
229200
162069
249944
165618
229200
244589
165618
261010
239347
255417
239347
249944
249944
234219
234219
255417
219483
142317
224289
158596
148618
234219
255417
155197
155197
165618
244589
239347
261010
239347
224289
165618
244589
255417
169244
158596
169244
158596
234219
249944
165618
272566
224289
158596
239347
169244
272566
162069
234219
214779
234219
210177
229200
255417
155197
165618
239347
162069
165618
255417
229200
244589
162069
229200
234219
244589
234219
272566
229200
165618
169244
205674
155197
139267
261010
165618
239347
229200
148618
219483
219483
249944
155197
234219
155197
255417
155197
272566
162069
224289
165618
169244
165618
261010
229200
142317
169244
165618
234219
278535
169244
158596
201266
169244
169244
244589
158596
266726
272566
224289
255417
229200
155197
162069
224289
158596
155197
