169244
130505
151872
169244
158596
145433
169244
214779
145433
158596
165618
155197
169244
155197
155197
214779
155197
145433
239347
145433
205674
155197
210177
169244
169244
158596
155197
205674
219483
151872
162069
145433
148618
145433
249944
136283
165618
139267
142317
244589
155197
162069
158596
229200
169244
162069
205674
155197
165618
158596
158596
165618
165618
224289
142317
165618
169244
169244
196954
229200
255417
162069
136283
169244
219483
158596
148618
145433
151872
158596
145433
249944
145433
165618
158596
239347
266726
136283
145433
162069
272566
145433
151872
158596
155197
158596
165618
224289
145433
165618
229200
151872
133363
239347
162069
224289
151872
155197
158596
148618
155197
139267
136283
155197
214779
145433
151872
139267
148618
169244
162069
266726
127708
214779
130505
249944
139267
234219
162069
151872
162069
133363
165618
224289
151872
151872
145433
169244
145433
127708
169244
239347
165618
244589
169244
151872
151872
201266
148618
139267
142317
239347
151872
158596
162069
224289
165618
249944
205674
169244
158596
151872
239347
165618
148618
155197
239347
142317
158596
162069
162069
165618
162069
229200
148618
234219
145433
148618
165618
151872
165618
142317
142317
162069
219483
124972
244589
239347
169244
155197
165618
151872
151872
239347
162069
155197
151872
148618
255417
214779
158596
158596
229200
139267
219483
196954
148618
165618
155197
162069
244589
162069
151872
155197
169244
214779
151872
145433
151872
210177
155197
139267
151872
151872
158596
169244
145433
244589
148618
136283
165618
205674
165618
151872
239347
145433
139267
249944
205674
162069
162069
139267
165618
136283
139267
219483
151872
229200
151872
151872
165618
210177
148618
148618
224289
165618
145433
145433
158596
158596
151872
148618
136283
155197
155197
162069
139267
158596
214779
148618
229200
151872
210177
249944
169244
155197
165618
139267
151872
148618
169244
169244
158596
169244
219483
155197
162069
224289
210177
169244
162069
219483
165618
169244
165618
151872
145433
148618
155197
151872
145433
158596
162069
151872
162069
139267
165618
169244
148618
151872
130505
165618
151872
214779
229200
136283
158596
169244
139267
162069
169244
155197
139267
224289
162069
148618
165618
158596
148618
165618
148618
165618
142317
234219
136283
155197
169244
145433
139267
155197
158596
155197
155197
151872
158596
151872
142317
201266
162069
224289
158596
165618
148618
155197
244589
229200
255417
261010
133363
219483
151872
139267
148618
169244
148618
158596
158596
169244
151872
224289
151872
148618
169244
169244
162069
165618
162069
162069
224289
169244
169244
151872
165618
124972
201266
145433
169244
139267
162069
162069
155197
158596
133363
244589
139267
162069
165618
139267
139267
210177
139267
145433
155197
169244
169244
127708
136283
162069
145433
229200
158596
136283
214779
158596
148618
145433
151872
155197
249944
165618
139267
142317
229200
165618
158596
155197
139267
151872
158596
165618
165618
162069
155197
155197
162069
148618
239347
151872
224289
139267
224289
151872
234219
142317
169244
169244
201266
151872
155197
130505
151872
133363
169244
214779
145433
169244
162069
142317
219483
155197
229200
145433
145433
151872
139267
151872
229200
244589
169244
158596
145433
219483
158596
165618
165618
224289
162069
155197
165618
169244
155197
158596
165618
155197
169244
169244
145433
165618
130505
148618
142317
158596
169244
148618
162069
162069
130505
219483
229200
155197
136283
145433
229200
142317
145433
169244
155197
145433
162069
158596
162069
151872
151872
127708
165618
255417
210177
155197
145433
155197
145433
155197
169244
158596
158596
158596
162069
139267
165618
162069
169244
158596
155197
155197
158596
165618
162069
219483
158596
162069
229200
219483
219483
224289
142317
162069
210177
162069
145433
142317
224289
162069
214779
239347
165618
210177
162069
210177
158596
142317
155197
169244
142317
145433
155197
219483
148618
158596
155197
201266
162069
148618
158596
139267
151872
244589
139267
219483
162069
148618
165618
219483
224289
224289
169244
165618
155197
133363
151872
261010
162069
239347
155197
165618
148618
142317
139267
136283
229200
169244
234219
169244
162069
165618
142317
229200
165618
155197
162069
162069
145433
165618
165618
145433
162069
234219
155197
139267
151872
139267
169244
136283
145433
162069
239347
151872
151872
244589
145433
229200
145433
145433
142317
136283
162069
155197
196954
165618
155197
165618
165618
249944
162069
165618
165618
229200
224289
158596
139267
148618
142317
151872
151872
145433
151872
155197
158596
145433
136283
224289
158596
155197
155197
162069
162069
148618
162069
151872
158596
139267
272566
249944
148618
148618
130505
145433
229200
169244
219483
148618
234219
158596
169244
162069
165618
112144
142317
148618
142317
205674
210177
239347
155197
151872
205674
229200
210177
224289
148618
165618
151872
165618
155197
229200
165618
142317
139267
145433
158596
139267
234219
234219
224289
142317
162069
239347
214779
139267
169244
162069
162069
169244
155197
155197
145433
158596
224289
148618
165618
165618
234219
234219
169244
234219
165618
130505
169244
162069
136283
148618
139267
224289
162069
162069
148618
162069
229200
151872
239347
148618
158596
162069
148618
155197
148618
169244
169244
151872
214779
158596
210177
224289
224289
234219
219483
229200
165618
234219
169244
151872
205674
165618
136283
142317
162069
239347
155197
145433
219483
162069
148618
169244
155197
205674
142317
139267
169244
165618
139267
155197
162069
158596
142317
148618
155197
145433
142317
219483
148618
145433
158596
266726
155197
169244
155197
162069
155197
145433
169244
151872
239347
148618
148618
165618
169244
136283
158596
165618
165618
169244
162069
169244
210177
169244
155197
158596
229200
169244
165618
219483
261010
155197
169244
162069
142317
151872
169244
142317
169244
162069
162069
142317
145433
151872
234219
151872
214779
145433
136283
145433
239347
249944
133363
165618
148618
162069
151872
162069
155197
234219
234219
155197
151872
158596
214779
162069
165618
234219
158596
165618
148618
139267
201266
155197
155197
169244
169244
158596
155197
266726
151872
136283
155197
155197
224289
148618
142317
162069
151872
229200
148618
139267
148618
151872
169244
201266
148618
239347
158596
133363
165618
151872
151872
148618
249944
155197
255417
139267
162069
169244
239347
151872
145433
234219
165618
165618
169244
162069
249944
261010
148618
239347
155197
158596
224289
219483
214779
244589
249944
155197
155197
165618
148618
165618
255417
219483
145433
162069
169244
165618
151872
205674
162069
165618
165618
165618
158596
151872
139267
158596
162069
169244
148618
151872
255417
151872
155197
234219
169244
151872
201266
158596
214779
145433
151872
169244
165618
162069
255417
148618
142317
162069
169244
162069
165618
158596
142317
158596
165618
155197
214779
244589
239347
151872
151872
162069
151872
219483
139267
133363
162069
162069
169244
261010
148618
162069
169244
145433
151872
162069
151872
165618
169244
224289
162069
229200
155197
145433
155197
162069
