244589
162069
249944
210177
162069
162069
244589
219483
155197
162069
169244
224289
234219
148618
214779
169244
162069
249944
234219
151872
244589
145433
151872
155197
229200
142317
169244
234219
239347
210177
205674
155197
151872
158596
229200
244589
151872
239347
151872
162069
165618
148618
151872
244589
219483
142317
234219
165618
151872
219483
234219
158596
139267
148618
244589
148618
155197
142317
162069
165618
165618
142317
151872
249944
162069
165618
162069
219483
239347
244589
151872
158596
155197
148618
127708
162069
234219
229200
219483
151872
158596
266726
145433
148618
158596
158596
229200
169244
145433
139267
155197
142317
165618
151872
214779
224289
169244
148618
165618
158596
151872
139267
162069
239347
155197
272566
219483
145433
239347
155197
169244
165618
165618
158596
151872
142317
158596
165618
229200
219483
155197
142317
155197
239347
158596
151872
239347
162069
165618
224289
165618
158596
244589
165618
158596
162069
169244
214779
239347
214779
155197
165618
165618
219483
165618
145433
239347
239347
155197
249944
158596
142317
214779
155197
219483
155197
162069
169244
239347
214779
261010
151872
158596
255417
169244
155197
151872
158596
201266
155197
210177
162069
214779
158596
151872
219483
139267
158596
155197
261010
158596
244589
234219
249944
165618
165618
151872
151872
229200
201266
284634
214779
261010
196954
133363
224289
148618
210177
155197
169244
205674
169244
158596
158596
162069
162069
244589
165618
151872
145433
151872
162069
214779
169244
136283
234219
239347
162069
169244
162069
169244
239347
196954
239347
234219
155197
165618
214779
169244
165618
162069
229200
158596
255417
214779
155197
229200
158596
169244
210177
229200
158596
165618
255417
158596
165618
158596
158596
158596
214779
145433
162069
169244
224289
162069
148618
214779
169244
145433
165618
155197
148618
158596
169244
169244
151872
169244
244589
201266
151872
162069
162069
145433
244589
169244
165618
162069
139267
244589
155197
162069
162069
158596
158596
158596
224289
142317
169244
239347
239347
148618
224289
224289
244589
162069
229200
165618
229200
229200
139267
244589
162069
162069
148618
162069
155197
155197
145433
162069
219483
224289
169244
165618
249944
165618
158596
145433
155197
165618
239347
169244
205674
142317
229200
239347
155197
151872
151872
148618
139267
165618
234219
244589
158596
224289
234219
158596
255417
151872
165618
158596
151872
169244
169244
169244
165618
219483
145433
205674
148618
162069
162069
145433
136283
162069
162069
196954
151872
244589
169244
165618
155197
155197
244589
151872
151872
162069
165618
261010
158596
261010
145433
169244
158596
234219
162069
229200
155197
145433
162069
162069
219483
158596
155197
136283
142317
249944
165618
148618
148618
151872
239347
278535
255417
148618
234219
229200
133363
278535
155197
155197
145433
142317
139267
214779
165618
139267
165618
219483
255417
255417
169244
165618
224289
158596
165618
162069
165618
278535
234219
158596
162069
165618
249944
158596
165618
162069
261010
239347
229200
169244
165618
151872
136283
169244
162069
234219
162069
162069
145433
158596
148618
155197
155197
155197
151872
158596
255417
162069
158596
155197
229200
155197
224289
155197
155197
234219
158596
139267
165618
234219
239347
210177
261010
224289
210177
162069
239347
155197
165618
165618
162069
162069
219483
162069
234219
169244
133363
261010
234219
210177
151872
224289
151872
244589
244589
148618
136283
139267
196954
239347
151872
158596
214779
145433
169244
139267
239347
169244
162069
158596
142317
224289
151872
219483
158596
224289
133363
278535
169244
155197
151872
158596
158596
142317
158596
151872
158596
162069
148618
158596
244589
244589
158596
165618
244589
224289
229200
169244
165618
145433
165618
155197
224289
151872
145433
219483
255417
151872
165618
219483
169244
148618
201266
155197
234219
261010
162069
224289
261010
249944
136283
142317
239347
151872
239347
155197
229200
148618
151872
169244
239347
158596
162069
165618
210177
165618
142317
244589
244589
162069
165618
224289
162069
145433
284634
151872
162069
244589
239347
224289
224289
151872
158596
158596
297236
169244
139267
162069
162069
162069
158596
219483
162069
151872
169244
165618
229200
162069
145433
165618
155197
148618
169244
151872
224289
162069
261010
219483
162069
142317
255417
210177
155197
169244
155197
249944
155197
224289
165618
151872
148618
219483
151872
145433
151872
261010
151872
145433
224289
165618
239347
145433
234219
162069
162069
158596
169244
249944
249944
219483
162069
155197
165618
139267
162069
169244
162069
229200
169244
145433
162069
244589
169244
229200
162069
151872
148618
145433
151872
162069
214779
229200
151872
148618
165618
158596
239347
249944
169244
169244
255417
158596
148618
145433
148618
148618
239347
162069
224289
155197
148618
255417
229200
169244
162069
155197
139267
169244
169244
169244
169244
139267
224289
244589
148618
136283
162069
162069
142317
165618
158596
162069
148618
162069
145433
266726
148618
169244
162069
244589
169244
244589
169244
205674
165618
234219
151872
234219
239347
151872
148618
169244
239347
169244
139267
224289
261010
229200
162069
162069
155197
142317
158596
214779
234219
155197
244589
148618
142317
124972
165618
142317
210177
158596
261010
214779
162069
158596
151872
162069
219483
162069
151872
214779
158596
214779
224289
210177
148618
290866
162069
165618
255417
210177
239347
158596
162069
162069
224289
158596
169244
155197
266726
229200
255417
155197
234219
244589
136283
165618
162069
151872
165618
158596
158596
224289
158596
169244
151872
151872
162069
155197
122294
151872
158596
136283
165618
139267
165618
165618
169244
145433
255417
165618
148618
148618
151872
158596
210177
142317
169244
151872
136283
158596
142317
155197
155197
234219
145433
192733
158596
133363
158596
158596
145433
229200
162069
169244
158596
162069
234219
136283
148618
165618
169244
162069
158596
244589
224289
151872
278535
205674
158596
234219
249944
139267
151872
234219
162069
224289
214779
244589
158596
162069
239347
158596
244589
148618
158596
155197
151872
165618
165618
148618
255417
133363
229200
145433
155197
148618
244589
169244
214779
239347
165618
261010
234219
244589
210177
151872
255417
229200
136283
130505
169244
155197
234219
165618
244589
169244
165618
162069
261010
169244
145433
142317
155197
136283
158596
162069
169244
155197
145433
155197
151872
214779
155197
162069
155197
136283
165618
201266
169244
158596
145433
244589
169244
151872
266726
214779
229200
155197
148618
165618
151872
249944
224289
234219
234219
158596
219483
158596
219483
155197
158596
148618
169244
148618
162069
151872
162069
165618
148618
151872
224289
239347
234219
162069
165618
162069
151872
229200
158596
165618
214779
234219
158596
261010
151872
234219
139267
224289
239347
158596
162069
169244
142317
255417
165618
151872
169244
162069
249944
162069
148618
155197
244589
165618
158596
261010
169244
127708
158596
214779
261010
239347
162069
165618
239347
165618
155197
162069
162069
145433
249944
148618
148618
145433
158596
