266726
169244
239347
272566
244589
239347
266726
261010
239347
244589
165618
239347
303744
266726
244589
224289
272566
278535
255417
290866
272566
297236
297236
229200
272566
297236
255417
290866
239347
261010
303744
284634
244589
290866
234219
272566
272566
224289
290866
290866
249944
255417
239347
272566
249944
303744
255417
261010
272566
261010
266726
234219
234219
278535
272566
255417
297236
284634
284634
310395
278535
255417
244589
255417
303744
284634
284634
162069
165618
272566
317192
278535
229200
261010
255417
303744
234219
244589
284634
266726
239347
234219
297236
244589
244589
255417
162069
290866
284634
266726
278535
297236
249944
165618
249944
239347
255417
261010
224289
303744
278535
266726
249944
297236
255417
266726
255417
239347
229200
255417
278535
234219
297236
290866
261010
284634
249944
266726
255417
266726
310395
244589
224289
224289
272566
261010
234219
278535
244589
278535
239347
244589
244589
239347
249944
266726
229200
219483
261010
284634
261010
239347
284634
244589
261010
155197
239347
266726
266726
324138
244589
278535
255417
165618
261010
278535
261010
278535
272566
266726
224289
278535
278535
255417
290866
239347
234219
266726
229200
234219
278535
278535
249944
266726
234219
284634
261010
297236
284634
239347
290866
261010
255417
234219
303744
284634
261010
278535
290866
255417
244589
272566
155197
244589
234219
255417
284634
261010
272566
272566
229200
324138
244589
261010
272566
284634
249944
249944
239347
234219
261010
303744
278535
244589
266726
249944
234219
272566
310395
229200
272566
249944
234219
261010
249944
255417
278535
284634
249944
261010
266726
229200
310395
303744
272566
239347
278535
165618
290866
261010
266726
249944
261010
234219
165618
266726
284634
297236
278535
249944
261010
255417
284634
249944
249944
239347
229200
244589
272566
317192
229200
310395
284634
244589
290866
261010
297236
255417
244589
244589
290866
249944
278535
255417
229200
162069
261010
278535
244589
290866
224289
261010
224289
169244
303744
261010
249944
272566
266726
229200
290866
239347
278535
239347
284634
272566
284634
244589
272566
303744
290866
278535
278535
284634
249944
324138
255417
261010
266726
255417
272566
255417
261010
255417
239347
261010
255417
272566
266726
317192
266726
255417
278535
239347
266726
234219
239347
255417
261010
290866
244589
234219
272566
303744
229200
229200
261010
244589
255417
249944
244589
249944
310395
158596
249944
261010
324138
224289
278535
244589
284634
261010
290866
284634
266726
278535
255417
255417
261010
303744
234219
278535
244589
290866
239347
229200
290866
261010
229200
261010
239347
249944
224289
297236
158596
244589
278535
278535
272566
272566
239347
214779
234219
266726
317192
239347
261010
255417
239347
255417
284634
266726
266726
169244
266726
272566
155197
234219
239347
331236
249944
266726
249944
239347
239347
244589
331236
272566
278535
278535
272566
255417
261010
266726
261010
224289
239347
261010
261010
249944
261010
278535
266726
261010
234219
261010
249944
290866
234219
284634
239347
255417
249944
239347
255417
317192
239347
239347
261010
284634
261010
239347
224289
239347
261010
272566
249944
169244
317192
284634
239347
303744
261010
261010
266726
290866
284634
261010
266726
249944
266726
214779
244589
266726
158596
272566
266726
266726
255417
244589
249944
284634
169244
278535
272566
249944
310395
255417
261010
249944
249944
249944
244589
266726
244589
272566
278535
249944
229200
229200
266726
297236
290866
239347
224289
165618
266726
297236
266726
284634
165618
278535
255417
255417
239347
239347
278535
255417
239347
290866
244589
229200
214779
297236
261010
165618
272566
290866
290866
234219
290866
255417
290866
278535
249944
249944
278535
249944
249944
284634
169244
266726
239347
284634
284634
266726
266726
229200
278535
278535
229200
234219
234219
278535
266726
249944
255417
261010
272566
229200
290866
266726
255417
261010
297236
266726
266726
261010
261010
244589
278535
239347
255417
266726
284634
244589
266726
255417
229200
290866
272566
278535
272566
261010
317192
266726
239347
249944
290866
272566
272566
261010
261010
162069
249944
261010
266726
278535
224289
239347
266726
255417
284634
244589
165618
249944
261010
255417
244589
165618
234219
297236
234219
266726
266726
297236
244589
261010
244589
244589
255417
261010
249944
249944
224289
272566
205674
272566
255417
261010
229200
297236
214779
278535
266726
297236
284634
255417
290866
249944
278535
255417
229200
255417
272566
165618
249944
278535
261010
165618
244589
290866
266726
234219
239347
290866
297236
224289
244589
165618
303744
244589
255417
219483
255417
255417
239347
261010
297236
266726
272566
244589
244589
272566
278535
255417
272566
219483
317192
255417
249944
317192
261010
278535
255417
214779
255417
272566
261010
255417
272566
239347
244589
239347
249944
261010
297236
261010
239347
290866
255417
255417
219483
219483
214779
290866
297236
266726
255417
244589
244589
272566
234219
272566
214779
297236
255417
255417
278535
297236
272566
284634
255417
290866
278535
244589
239347
272566
234219
261010
255417
261010
266726
284634
290866
261010
261010
229200
255417
278535
272566
272566
278535
249944
249944
201266
239347
244589
239347
229200
310395
278535
229200
290866
278535
229200
272566
239347
234219
266726
210177
255417
261010
266726
261010
255417
261010
261010
303744
266726
284634
290866
234219
234219
303744
290866
261010
239347
249944
266726
278535
261010
272566
239347
165618
261010
261010
234219
239347
261010
266726
284634
272566
244589
255417
244589
266726
310395
234219
229200
255417
255417
249944
229200
266726
249944
261010
219483
255417
290866
278535
272566
297236
266726
278535
224289
272566
255417
255417
261010
303744
278535
249944
249944
284634
239347
234219
278535
234219
249944
249944
290866
255417
239347
244589
229200
303744
255417
239347
261010
169244
266726
290866
249944
272566
278535
261010
303744
303744
165618
244589
266726
272566
266726
244589
219483
239347
249944
317192
278535
310395
278535
244589
266726
224289
284634
266726
155197
284634
297236
234219
255417
214779
255417
261010
261010
249944
290866
234219
244589
224289
278535
272566
249944
249944
219483
310395
249944
234219
261010
297236
284634
239347
249944
261010
278535
261010
266726
261010
266726
244589
297236
290866
284634
165618
162069
239347
284634
229200
266726
214779
165618
272566
244589
303744
261010
210177
266726
266726
244589
272566
261010
272566
278535
272566
239347
249944
229200
278535
249944
261010
169244
272566
261010
290866
324138
310395
272566
272566
266726
261010
234219
261010
158596
297236
261010
266726
169244
244589
255417
239347
266726
261010
214779
261010
255417
266726
290866
278535
229200
219483
261010
165618
261010
266726
239347
239347
278535
272566
284634
165618
169244
266726
266726
255417
266726
255417
255417
266726
229200
239347
244589
261010
261010
244589
290866
255417
266726
278535
224289
229200
290866
284634
284634
255417
303744
239347
244589
234219
244589
239347
224289
310395
162069
272566
155197
272566
266726
234219
284634
