290866
266726
303744
297236
244589
266726
272566
297236
303744
278535
290866
310395
290866
272566
272566
310395
278535
290866
266726
255417
284634
303744
284634
272566
249944
290866
290866
297236
249944
297236
297236
297236
284634
261010
338489
255417
261010
255417
310395
261010
278535
290866
331236
272566
278535
272566
284634
244589
297236
266726
272566
297236
261010
324138
290866
290866
284634
331236
278535
324138
284634
284634
317192
244589
297236
290866
317192
244589
284634
310395
165618
255417
331236
297236
266726
239347
317192
266726
261010
255417
290866
234219
303744
324138
303744
297236
284634
278535
297236
272566
272566
278535
249944
310395
458400
255417
310395
303744
244589
297236
255417
261010
272566
249944
310395
255417
290866
303744
255417
249944
297236
249944
239347
234219
278535
290866
310395
310395
278535
290866
272566
239347
284634
317192
297236
278535
324138
303744
272566
290866
290866
310395
266726
261010
261010
278535
290866
303744
303744
278535
266726
261010
272566
255417
272566
324138
278535
249944
278535
244589
272566
249944
284634
324138
297236
239347
303744
284634
272566
244589
278535
272566
234219
297236
290866
272566
278535
255417
266726
420355
284634
468438
303744
255417
331236
317192
284634
266726
284634
290866
239347
297236
297236
290866
278535
272566
249944
338489
266726
278535
290866
266726
278535
297236
297236
255417
290866
284634
297236
284634
290866
324138
249944
272566
278535
297236
278535
284634
290866
239347
324138
303744
324138
310395
290866
303744
297236
278535
239347
297236
234219
284634
297236
272566
324138
266726
272566
317192
255417
297236
266726
284634
284634
297236
284634
272566
331236
324138
266726
290866
266726
290866
284634
249944
297236
278535
317192
278535
303744
278535
266726
272566
272566
303744
261010
338489
272566
290866
249944
317192
255417
303744
338489
272566
297236
272566
255417
290866
297236
255417
266726
255417
284634
324138
278535
239347
303744
290866
261010
290866
303744
278535
272566
297236
331236
249944
266726
272566
284634
278535
266726
210177
278535
244589
324138
272566
278535
266726
266726
324138
290866
338489
278535
284634
310395
244589
297236
324138
278535
331236
272566
303744
324138
448578
290866
297236
297236
169244
266726
278535
278535
290866
266726
266726
266726
261010
266726
234219
284634
310395
297236
278535
297236
244589
317192
229200
290866
310395
239347
290866
310395
290866
234219
297236
249944
266726
272566
261010
266726
244589
290866
310395
261010
297236
310395
278535
290866
338489
239347
261010
290866
261010
284634
290866
284634
261010
297236
266726
244589
297236
266726
266726
278535
331236
284634
331236
290866
284634
324138
229200
266726
239347
284634
297236
278535
331236
317192
310395
266726
261010
297236
278535
284634
284634
249944
261010
266726
261010
261010
290866
278535
278535
303744
290866
278535
249944
290866
261010
310395
310395
317192
284634
284634
290866
272566
290866
244589
278535
278535
284634
284634
255417
249944
290866
338489
303744
317192
290866
297236
284634
284634
310395
284634
303744
317192
290866
290866
297236
239347
261010
290866
278535
303744
255417
310395
317192
290866
290866
278535
272566
324138
303744
266726
278535
297236
244589
324138
420355
272566
284634
297236
331236
255417
317192
303744
303744
290866
165618
310395
266726
284634
278535
284634
261010
266726
261010
244589
297236
297236
290866
303744
310395
317192
338489
272566
303744
255417
284634
249944
284634
278535
331236
303744
290866
324138
249944
272566
278535
310395
297236
278535
266726
266726
303744
278535
278535
249944
266726
272566
310395
266726
310395
169244
284634
284634
229200
317192
290866
290866
290866
448578
303744
331236
278535
284634
303744
411348
331236
331236
284634
261010
239347
297236
278535
284634
331236
290866
284634
310395
261010
310395
266726
303744
266726
244589
290866
278535
284634
255417
266726
278535
290866
284634
297236
272566
272566
261010
310395
310395
297236
278535
303744
284634
266726
278535
278535
317192
272566
303744
266726
284634
290866
284634
249944
338489
266726
290866
249944
266726
324138
303744
261010
255417
290866
272566
266726
284634
244589
284634
284634
284634
284634
278535
249944
284634
249944
272566
478695
284634
290866
290866
284634
261010
317192
303744
255417
324138
266726
297236
284634
272566
290866
290866
278535
297236
278535
239347
278535
266726
234219
297236
297236
255417
278535
266726
324138
272566
317192
261010
303744
310395
297236
272566
303744
261010
284634
310395
272566
303744
290866
290866
317192
297236
266726
249944
297236
284634
331236
310395
278535
278535
244589
272566
290866
234219
272566
255417
290866
324138
239347
272566
290866
255417
303744
255417
278535
310395
290866
338489
303744
266726
266726
249944
261010
284634
278535
458400
303744
310395
284634
272566
331236
317192
290866
310395
234219
290866
303744
290866
261010
244589
317192
261010
297236
278535
266726
255417
310395
310395
255417
297236
290866
272566
255417
310395
278535
266726
284634
278535
278535
272566
290866
272566
278535
303744
284634
272566
303744
278535
278535
290866
284634
284634
255417
303744
224289
266726
310395
303744
303744
331236
290866
261010
261010
272566
249944
284634
284634
284634
303744
272566
290866
297236
278535
338489
249944
266726
284634
284634
317192
278535
266726
297236
290866
317192
278535
278535
244589
317192
290866
249944
284634
290866
272566
310395
310395
249944
297236
278535
244589
278535
290866
266726
229200
284634
278535
266726
249944
303744
261010
249944
284634
303744
244589
272566
338489
255417
297236
303744
297236
310395
278535
324138
278535
284634
290866
303744
278535
324138
284634
303744
255417
297236
310395
303744
255417
261010
297236
234219
303744
272566
290866
297236
303744
303744
278535
303744
278535
278535
310395
290866
266726
278535
272566
284634
331236
331236
266726
261010
303744
272566
331236
317192
310395
272566
297236
310395
278535
244589
290866
284634
255417
249944
303744
331236
324138
272566
284634
266726
310395
297236
297236
297236
310395
261010
297236
255417
266726
255417
266726
272566
266726
272566
249944
331236
284634
297236
297236
317192
303744
303744
284634
303744
290866
261010
317192
290866
317192
303744
331236
290866
284634
284634
284634
278535
278535
310395
255417
310395
266726
290866
266726
272566
303744
272566
317192
266726
290866
310395
272566
278535
278535
255417
278535
278535
297236
297236
303744
324138
448578
278535
284634
297236
297236
255417
310395
303744
297236
255417
290866
278535
303744
266726
255417
310395
278535
290866
272566
290866
317192
272566
303744
249944
338489
284634
284634
317192
297236
284634
266726
255417
239347
478695
284634
458400
297236
278535
261010
261010
278535
261010
290866
284634
297236
317192
284634
310395
261010
303744
249944
255417
272566
297236
272566
310395
278535
317192
272566
284634
239347
297236
338489
290866
331236
290866
310395
266726
278535
290866
261010
278535
317192
310395
317192
272566
278535
284634
278535
278535
255417
261010
317192
266726
249944
338489
284634
324138
324138
290866
317192
