266726
297236
290866
284634
331236
317192
261010
402533
303744
338489
338489
297236
310395
317192
310395
290866
303744
290866
310395
278535
272566
278535
338489
297236
310395
310395
317192
303744
284634
284634
310395
284634
290866
239347
284634
297236
261010
297236
331236
303744
278535
261010
255417
290866
303744
290866
303744
266726
331236
290866
284634
310395
284634
310395
266726
310395
297236
278535
297236
284634
234219
290866
331236
278535
438966
261010
297236
338489
297236
290866
331236
420355
429559
272566
297236
310395
224289
310395
317192
169244
310395
297236
261010
310395
499889
290866
324138
249944
338489
317192
249944
266726
297236
297236
468438
331236
331236
284634
297236
324138
290866
272566
429559
310395
317192
338489
317192
290866
224289
310395
284634
317192
297236
255417
310395
284634
290866
303744
266726
278535
290866
278535
290866
261010
317192
331236
317192
290866
272566
297236
284634
317192
317192
284634
297236
331236
317192
278535
278535
290866
303744
272566
317192
255417
338489
303744
317192
290866
272566
297236
278535
266726
266726
331236
303744
261010
297236
255417
272566
290866
290866
317192
244589
317192
297236
266726
278535
284634
266726
234219
324138
303744
284634
272566
290866
303744
303744
438966
297236
249944
310395
331236
303744
266726
290866
297236
266726
278535
303744
317192
284634
272566
261010
324138
297236
338489
324138
303744
310395
478695
284634
272566
290866
266726
266726
303744
303744
261010
272566
278535
338489
317192
478695
278535
303744
284634
448578
297236
331236
290866
310395
331236
249944
310395
266726
284634
303744
297236
261010
290866
303744
297236
266726
310395
284634
310395
303744
284634
303744
324138
331236
249944
278535
234219
272566
255417
261010
284634
499889
331236
303744
290866
297236
261010
331236
290866
261010
303744
303744
290866
272566
338489
284634
331236
290866
266726
249944
278535
338489
303744
244589
331236
266726
297236
338489
331236
278535
290866
338489
284634
297236
317192
239347
317192
324138
310395
290866
266726
499889
290866
272566
229200
303744
278535
331236
284634
310395
297236
338489
284634
297236
303744
297236
310395
255417
284634
338489
290866
310395
303744
429559
331236
338489
297236
290866
255417
261010
261010
331236
284634
272566
266726
290866
278535
284634
239347
272566
317192
297236
317192
284634
266726
290866
266726
297236
249944
310395
324138
303744
244589
278535
261010
278535
290866
284634
331236
249944
290866
284634
317192
278535
458400
310395
324138
284634
261010
297236
303744
317192
338489
278535
249944
284634
272566
266726
310395
278535
290866
303744
310395
303744
284634
338489
331236
272566
303744
229200
278535
331236
278535
324138
284634
310395
261010
266726
278535
272566
261010
297236
249944
278535
278535
324138
290866
278535
290866
317192
303744
290866
239347
303744
303744
310395
317192
284634
303744
278535
310395
278535
303744
310395
290866
278535
290866
261010
272566
239347
402533
303744
284634
266726
261010
303744
297236
278535
272566
303744
468438
278535
290866
261010
272566
284634
317192
310395
266726
303744
385467
278535
310395
244589
297236
284634
310395
272566
261010
278535
303744
331236
290866
278535
310395
324138
278535
303744
297236
284634
266726
272566
261010
278535
278535
284634
266726
297236
278535
261010
411348
272566
284634
266726
448578
317192
458400
438966
272566
261010
272566
297236
317192
338489
310395
310395
331236
239347
290866
278535
317192
317192
310395
331236
310395
266726
297236
317192
261010
255417
331236
272566
324138
261010
290866
324138
272566
303744
303744
310395
310395
338489
438966
255417
324138
272566
438966
411348
448578
290866
272566
239347
324138
303744
266726
303744
303744
317192
310395
278535
249944
278535
244589
290866
317192
290866
297236
303744
297236
266726
278535
303744
284634
317192
266726
266726
272566
303744
278535
284634
290866
324138
272566
290866
303744
284634
272566
266726
303744
324138
290866
310395
324138
272566
272566
266726
338489
290866
261010
272566
290866
278535
290866
303744
249944
297236
310395
284634
297236
297236
244589
239347
297236
402533
303744
385467
297236
303744
284634
303744
310395
278535
297236
255417
297236
266726
272566
272566
284634
266726
331236
249944
266726
255417
272566
290866
290866
266726
303744
290866
429559
310395
297236
278535
266726
338489
261010
272566
303744
272566
278535
266726
331236
284634
303744
338489
297236
266726
266726
303744
272566
310395
317192
284634
261010
310395
272566
317192
284634
303744
272566
331236
278535
284634
278535
290866
297236
255417
278535
331236
331236
331236
290866
297236
261010
290866
272566
303744
331236
317192
303744
272566
278535
297236
458400
284634
303744
266726
324138
284634
290866
261010
297236
317192
284634
297236
266726
266726
478695
324138
278535
284634
297236
290866
272566
402533
266726
303744
317192
331236
317192
261010
303744
290866
303744
310395
290866
324138
278535
310395
324138
284634
310395
239347
266726
278535
317192
324138
317192
331236
297236
290866
255417
261010
244589
284634
266726
278535
303744
278535
438966
303744
317192
272566
272566
278535
266726
458400
290866
272566
290866
297236
317192
255417
310395
266726
331236
261010
278535
290866
310395
278535
290866
266726
278535
278535
284634
297236
290866
290866
244589
317192
297236
272566
310395
272566
261010
272566
272566
278535
297236
458400
272566
303744
290866
324138
297236
317192
310395
266726
324138
310395
324138
297236
510835
478695
272566
284634
310395
317192
278535
266726
297236
255417
284634
297236
272566
261010
331236
317192
429559
272566
284634
489178
290866
272566
261010
331236
278535
478695
284634
278535
317192
324138
261010
317192
297236
272566
297236
290866
324138
284634
448578
284634
272566
266726
331236
317192
458400
297236
278535
310395
324138
297236
331236
239347
324138
297236
331236
290866
261010
255417
303744
284634
284634
261010
297236
297236
284634
310395
331236
303744
278535
324138
317192
272566
272566
266726
297236
303744
331236
458400
272566
290866
297236
297236
284634
310395
261010
338489
278535
303744
317192
489178
317192
297236
338489
310395
420355
338489
310395
297236
284634
310395
261010
290866
324138
429559
278535
310395
284634
303744
303744
303744
324138
324138
303744
234219
310395
261010
297236
297236
278535
290866
290866
266726
290866
303744
290866
278535
297236
310395
278535
331236
310395
310395
284634
297236
255417
239347
324138
284634
448578
278535
297236
278535
324138
290866
255417
278535
255417
310395
266726
290866
244589
297236
244589
290866
290866
331236
324138
297236
261010
290866
297236
324138
317192
290866
338489
420355
303744
310395
310395
310395
303744
255417
290866
297236
331236
278535
303744
297236
272566
297236
244589
266726
284634
272566
278535
429559
284634
272566
284634
317192
338489
290866
255417
303744
255417
310395
278535
324138
303744
278535
317192
261010
338489
297236
278535
239347
303744
303744
290866
310395
303744
317192
297236
297236
331236
261010
338489
249944
266726
278535
324138
284634
290866
278535
290866
284634
272566
272566
255417
