261010
303744
310395
284634
290866
278535
284634
278535
310395
324138
297236
310395
438966
297236
297236
266726
331236
290866
284634
297236
266726
272566
284634
331236
303744
261010
448578
290866
290866
249944
324138
478695
331236
284634
290866
290866
284634
249944
290866
272566
324138
510835
290866
290866
310395
290866
284634
331236
290866
317192
310395
331236
317192
272566
290866
290866
297236
310395
303744
261010
290866
219483
317192
284634
303744
331236
261010
303744
310395
303744
284634
272566
303744
284634
448578
303744
324138
290866
297236
411348
324138
448578
303744
310395
331236
297236
266726
297236
331236
278535
297236
310395
324138
255417
290866
448578
284634
324138
331236
303744
290866
569268
255417
310395
266726
290866
290866
297236
278535
284634
324138
331236
297236
310395
411348
303744
317192
284634
290866
297236
310395
317192
317192
261010
331236
272566
284634
297236
272566
290866
278535
478695
303744
317192
278535
290866
278535
324138
338489
411348
429559
266726
310395
261010
402533
303744
290866
303744
468438
324138
331236
303744
317192
331236
303744
278535
402533
284634
284634
284634
338489
290866
338489
297236
278535
284634
290866
310395
297236
545133
255417
284634
331236
331236
255417
310395
310395
272566
297236
324138
261010
317192
331236
284634
284634
324138
310395
324138
255417
303744
290866
489178
290866
303744
303744
338489
303744
310395
303744
310395
303744
278535
310395
317192
297236
284634
402533
468438
448578
297236
303744
303744
249944
261010
478695
297236
272566
297236
261010
297236
284634
255417
317192
448578
324138
317192
266726
310395
249944
266726
284634
290866
468438
338489
244589
303744
249944
272566
290866
310395
297236
284634
303744
284634
324138
331236
297236
324138
324138
244589
303744
324138
338489
324138
297236
272566
310395
284634
290866
310395
317192
278535
331236
317192
331236
338489
331236
290866
468438
234219
284634
324138
324138
324138
310395
411348
278535
261010
317192
290866
317192
290866
261010
284634
324138
278535
317192
303744
331236
303744
310395
266726
317192
338489
324138
489178
278535
297236
310395
290866
317192
284634
290866
278535
297236
261010
284634
278535
438966
448578
338489
324138
297236
290866
324138
272566
284634
533452
278535
317192
278535
310395
297236
303744
331236
284634
317192
411348
338489
458400
284634
310395
324138
290866
278535
317192
303744
468438
303744
284634
290866
338489
284634
297236
290866
310395
278535
310395
272566
324138
290866
324138
284634
278535
290866
284634
478695
290866
290866
429559
317192
468438
420355
290866
310395
278535
297236
324138
420355
310395
290866
297236
249944
284634
310395
338489
290866
297236
458400
303744
317192
331236
272566
290866
468438
272566
331236
290866
255417
284634
317192
310395
310395
297236
317192
458400
317192
331236
266726
338489
448578
338489
284634
272566
284634
303744
411348
272566
324138
303744
338489
297236
317192
272566
266726
290866
310395
303744
310395
310395
310395
278535
272566
278535
297236
303744
266726
331236
331236
402533
290866
331236
338489
284634
297236
310395
261010
310395
297236
297236
324138
266726
284634
324138
303744
278535
297236
317192
338489
261010
297236
278535
385467
317192
266726
290866
448578
284634
338489
317192
272566
249944
303744
468438
448578
290866
266726
499889
290866
411348
284634
331236
272566
338489
303744
249944
310395
278535
297236
324138
255417
297236
297236
284634
303744
284634
278535
284634
489178
303744
310395
278535
303744
545133
278535
310395
297236
290866
420355
310395
297236
303744
303744
338489
284634
244589
317192
310395
324138
317192
303744
266726
317192
272566
297236
290866
297236
338489
284634
278535
278535
278535
284634
284634
284634
429559
303744
338489
303744
317192
266726
278535
284634
290866
331236
297236
297236
284634
324138
303744
331236
284634
266726
297236
272566
324138
278535
303744
420355
278535
324138
249944
303744
393908
310395
338489
290866
331236
303744
411348
310395
290866
317192
429559
338489
272566
310395
310395
331236
317192
303744
297236
284634
303744
297236
317192
266726
411348
255417
266726
324138
478695
324138
297236
303744
272566
297236
261010
310395
310395
317192
310395
297236
310395
290866
411348
266726
266726
272566
290866
331236
278535
297236
317192
438966
272566
290866
249944
331236
290866
303744
317192
324138
310395
310395
290866
297236
310395
272566
317192
317192
272566
324138
324138
278535
420355
284634
272566
310395
303744
284634
290866
478695
297236
317192
499889
284634
278535
310395
266726
310395
317192
338489
317192
303744
310395
317192
317192
310395
310395
284634
266726
324138
297236
331236
297236
303744
468438
310395
420355
284634
272566
478695
324138
303744
266726
303744
303744
324138
297236
284634
331236
284634
297236
338489
331236
303744
278535
297236
284634
324138
297236
284634
266726
317192
317192
468438
255417
310395
458400
310395
310395
249944
310395
284634
324138
278535
272566
317192
278535
297236
272566
272566
324138
303744
266726
324138
317192
303744
317192
331236
290866
290866
331236
324138
310395
338489
310395
331236
317192
266726
338489
478695
272566
297236
310395
303744
290866
510835
438966
310395
331236
338489
324138
317192
297236
303744
290866
290866
290866
290866
290866
420355
438966
448578
310395
331236
438966
331236
303744
317192
261010
317192
290866
331236
284634
310395
290866
290866
317192
303744
331236
310395
297236
278535
297236
324138
290866
278535
284634
284634
290866
284634
317192
478695
297236
261010
303744
303744
284634
297236
266726
297236
338489
284634
290866
266726
303744
255417
284634
317192
310395
317192
338489
317192
284634
303744
284634
272566
478695
533452
303744
297236
310395
303744
317192
244589
338489
310395
510835
303744
284634
297236
278535
290866
284634
297236
278535
278535
331236
290866
331236
420355
317192
429559
278535
310395
324138
278535
448578
266726
468438
468438
261010
338489
317192
297236
290866
284634
317192
303744
284634
303744
284634
310395
317192
317192
317192
317192
338489
272566
303744
310395
284634
303744
317192
310395
331236
278535
266726
297236
272566
317192
297236
338489
272566
310395
278535
317192
278535
244589
284634
284634
303744
310395
266726
290866
458400
278535
284634
338489
317192
290866
429559
278535
284634
297236
317192
448578
284634
331236
266726
478695
324138
310395
478695
303744
290866
278535
303744
284634
303744
297236
290866
290866
317192
324138
324138
448578
290866
317192
310395
261010
303744
272566
290866
290866
266726
324138
338489
266726
244589
297236
297236
324138
290866
303744
278535
402533
331236
317192
310395
272566
310395
303744
310395
324138
317192
261010
331236
278535
297236
272566
338489
317192
331236
290866
297236
303744
266726
317192
297236
284634
290866
297236
249944
331236
249944
310395
278535
303744
266726
278535
297236
317192
411348
255417
338489
278535
310395
429559
278535
310395
303744
284634
310395
310395
303744
290866
317192
290866
297236
317192
317192
290866
249944
290866
331236
297236
290866
255417
303744
284634
266726
310395
429559
297236
297236
278535
331236
