278535
458400
338489
338489
468438
429559
290866
468438
489178
317192
338489
290866
510835
411348
331236
522021
303744
338489
310395
338489
411348
448578
310395
438966
448578
331236
499889
510835
522021
261010
489178
310395
290866
290866
324138
310395
290866
297236
324138
458400
317192
338489
324138
458400
324138
458400
324138
468438
290866
317192
324138
310395
303744
324138
290866
297236
310395
310395
468438
458400
448578
324138
429559
468438
303744
317192
297236
468438
255417
489178
297236
338489
272566
284634
510835
331236
324138
478695
468438
324138
331236
448578
468438
420355
458400
310395
303744
458400
317192
290866
324138
458400
429559
324138
429559
338489
317192
303744
338489
317192
448578
448578
331236
317192
458400
324138
499889
310395
331236
468438
297236
317192
324138
317192
290866
331236
499889
489178
338489
310395
310395
533452
331236
448578
478695
324138
478695
317192
297236
303744
310395
338489
297236
317192
458400
331236
478695
420355
290866
297236
310395
489178
458400
317192
331236
324138
478695
255417
310395
310395
297236
272566
303744
489178
317192
438966
331236
499889
324138
310395
338489
297236
324138
297236
297236
338489
331236
338489
468438
303744
489178
317192
278535
338489
478695
310395
331236
317192
324138
317192
303744
411348
290866
310395
420355
489178
411348
429559
489178
448578
317192
317192
331236
303744
338489
468438
338489
324138
303744
324138
338489
468438
310395
331236
290866
458400
331236
303744
489178
499889
510835
310395
297236
278535
338489
458400
338489
317192
324138
331236
303744
331236
489178
310395
317192
468438
448578
324138
324138
284634
429559
338489
310395
331236
331236
324138
297236
510835
317192
331236
448578
429559
317192
458400
297236
338489
297236
338489
438966
303744
478695
429559
478695
420355
310395
297236
317192
324138
468438
331236
489178
317192
331236
338489
338489
284634
297236
317192
297236
303744
438966
303744
489178
272566
438966
324138
310395
338489
317192
429559
278535
468438
290866
338489
522021
297236
478695
420355
338489
290866
310395
468438
522021
284634
522021
317192
317192
438966
303744
303744
272566
297236
284634
297236
272566
338489
499889
297236
278535
438966
338489
317192
420355
317192
310395
420355
324138
317192
317192
317192
458400
510835
478695
338489
310395
478695
557070
448578
284634
324138
331236
468438
290866
317192
468438
438966
522021
310395
303744
317192
331236
310395
438966
438966
468438
290866
468438
310395
324138
303744
324138
272566
303744
297236
297236
545133
310395
310395
429559
266726
468438
411348
338489
478695
310395
297236
478695
478695
303744
303744
317192
303744
478695
272566
303744
290866
303744
510835
420355
324138
468438
429559
310395
324138
310395
310395
324138
331236
317192
438966
438966
324138
317192
338489
468438
290866
338489
310395
290866
255417
448578
420355
266726
510835
499889
324138
499889
429559
297236
448578
331236
303744
478695
317192
331236
310395
331236
290866
478695
468438
310395
438966
438966
331236
324138
324138
297236
324138
468438
303744
331236
438966
458400
310395
338489
448578
317192
297236
303744
533452
338489
338489
468438
272566
420355
338489
317192
324138
338489
331236
331236
438966
458400
522021
272566
297236
317192
438966
324138
478695
338489
468438
468438
331236
303744
297236
310395
458400
324138
510835
303744
310395
338489
310395
324138
310395
303744
478695
324138
244589
324138
317192
331236
338489
478695
331236
338489
310395
458400
331236
303744
324138
448578
317192
290866
317192
489178
317192
458400
297236
468438
458400
448578
317192
297236
290866
468438
297236
324138
468438
429559
338489
324138
458400
317192
499889
448578
510835
303744
468438
317192
338489
429559
458400
557070
317192
338489
448578
324138
478695
297236
278535
331236
489178
324138
303744
317192
324138
438966
499889
290866
489178
303744
489178
297236
310395
468438
545133
448578
297236
266726
510835
448578
290866
284634
420355
510835
303744
310395
331236
331236
338489
290866
297236
324138
448578
331236
448578
510835
338489
402533
317192
468438
317192
266726
284634
324138
324138
545133
303744
297236
448578
489178
303744
438966
255417
324138
338489
522021
338489
317192
489178
533452
429559
499889
438966
458400
468438
438966
338489
499889
324138
331236
310395
303744
489178
338489
297236
331236
266726
331236
438966
324138
303744
499889
297236
310395
331236
338489
324138
338489
278535
458400
338489
331236
303744
338489
338489
324138
324138
303744
438966
338489
303744
499889
317192
499889
420355
317192
489178
331236
331236
317192
317192
478695
331236
317192
429559
331236
290866
310395
310395
338489
331236
297236
468438
324138
324138
557070
297236
438966
331236
317192
499889
581733
420355
533452
310395
331236
331236
458400
303744
338489
317192
303744
290866
478695
468438
468438
317192
411348
297236
468438
317192
489178
331236
310395
324138
278535
429559
278535
478695
317192
458400
303744
448578
331236
331236
331236
331236
324138
338489
331236
468438
510835
303744
478695
468438
489178
458400
317192
478695
331236
324138
278535
324138
310395
510835
290866
499889
478695
310395
290866
468438
510835
545133
317192
310395
324138
290866
468438
317192
420355
324138
310395
438966
324138
478695
324138
420355
478695
522021
338489
522021
448578
458400
458400
324138
499889
324138
331236
510835
290866
468438
438966
331236
478695
458400
310395
468438
324138
522021
468438
331236
478695
331236
297236
458400
420355
278535
331236
324138
510835
338489
448578
533452
324138
310395
324138
317192
468438
317192
317192
310395
303744
278535
458400
310395
278535
317192
438966
331236
278535
478695
331236
331236
438966
331236
310395
338489
310395
324138
317192
272566
478695
331236
478695
290866
310395
438966
338489
499889
522021
448578
338489
510835
261010
331236
448578
303744
458400
284634
478695
448578
448578
284634
458400
324138
331236
303744
478695
478695
458400
303744
317192
489178
324138
303744
324138
478695
489178
438966
324138
458400
297236
310395
290866
310395
331236
478695
331236
266726
338489
278535
317192
310395
468438
478695
338489
338489
278535
331236
420355
429559
303744
331236
324138
411348
478695
297236
438966
324138
458400
324138
522021
331236
324138
338489
324138
458400
331236
324138
266726
297236
310395
331236
533452
310395
317192
284634
297236
297236
317192
438966
324138
438966
324138
317192
429559
478695
324138
324138
478695
310395
310395
429559
338489
324138
448578
478695
310395
290866
438966
338489
338489
489178
331236
569268
317192
338489
324138
310395
331236
303744
317192
324138
533452
499889
458400
297236
324138
338489
522021
393908
411348
429559
310395
458400
331236
478695
331236
297236
317192
533452
290866
303744
331236
438966
429559
438966
438966
478695
324138
303744
448578
297236
324138
458400
510835
499889
324138
331236
448578
331236
317192
478695
317192
278535
569268
317192
510835
278535
303744
317192
324138
324138
533452
317192
297236
510835
303744
324138
324138
317192
438966
331236
522021
338489
303744
310395
458400
458400
297236
303744
303744
338489
297236
317192
420355
338489
