255417
468438
278535
284634
297236
338489
317192
324138
278535
324138
266726
438966
324138
338489
297236
420355
468438
338489
468438
303744
272566
297236
272566
324138
317192
290866
310395
266726
303744
249944
303744
478695
338489
438966
278535
303744
278535
317192
272566
331236
448578
310395
244589
303744
317192
278535
310395
317192
272566
338489
338489
317192
331236
303744
310395
310395
272566
331236
331236
284634
338489
331236
284634
278535
284634
420355
284634
297236
317192
317192
324138
324138
448578
284634
489178
255417
317192
310395
393908
284634
438966
303744
290866
331236
303744
297236
317192
272566
290866
297236
278535
310395
284634
331236
402533
338489
249944
411348
420355
324138
438966
303744
284634
438966
284634
290866
310395
284634
272566
303744
297236
284634
420355
331236
438966
331236
310395
324138
290866
284634
420355
545133
324138
478695
310395
324138
429559
411348
278535
303744
429559
317192
303744
266726
297236
324138
297236
324138
317192
338489
478695
310395
297236
468438
278535
331236
331236
324138
310395
290866
278535
317192
278535
331236
338489
249944
297236
448578
478695
533452
297236
303744
468438
324138
324138
278535
303744
284634
317192
420355
338489
317192
310395
266726
297236
317192
297236
331236
324138
489178
290866
338489
266726
284634
448578
331236
489178
284634
303744
448578
303744
324138
290866
297236
324138
489178
284634
324138
303744
499889
331236
297236
255417
297236
331236
297236
290866
448578
278535
478695
297236
290866
278535
290866
272566
324138
272566
468438
261010
324138
278535
297236
331236
317192
272566
324138
297236
317192
278535
338489
420355
297236
317192
324138
310395
317192
284634
478695
317192
303744
458400
324138
303744
261010
331236
324138
266726
310395
290866
324138
290866
261010
324138
297236
290866
297236
284634
290866
290866
284634
310395
338489
284634
478695
290866
324138
290866
331236
310395
324138
303744
297236
297236
331236
331236
317192
272566
303744
297236
331236
317192
278535
317192
522021
297236
478695
278535
317192
510835
284634
324138
272566
324138
297236
324138
284634
338489
338489
303744
278535
338489
297236
468438
338489
266726
284634
303744
284634
290866
317192
278535
290866
290866
284634
278535
310395
324138
272566
338489
478695
510835
317192
317192
272566
310395
284634
324138
489178
297236
458400
278535
324138
468438
303744
310395
303744
317192
290866
297236
284634
522021
266726
402533
297236
303744
458400
331236
303744
284634
402533
297236
310395
266726
331236
331236
438966
310395
338489
303744
303744
411348
317192
297236
297236
303744
331236
331236
266726
331236
278535
331236
338489
489178
324138
317192
317192
303744
284634
324138
303744
324138
317192
303744
438966
303744
458400
310395
290866
297236
438966
297236
284634
310395
331236
297236
278535
272566
317192
284634
331236
420355
297236
478695
303744
290866
331236
297236
303744
317192
290866
284634
303744
303744
249944
310395
303744
297236
317192
278535
317192
489178
290866
331236
545133
278535
317192
310395
297236
448578
317192
468438
429559
297236
290866
324138
310395
489178
297236
297236
338489
290866
338489
310395
331236
478695
317192
468438
261010
266726
331236
331236
278535
324138
310395
324138
317192
429559
331236
331236
331236
331236
324138
478695
278535
331236
284634
317192
297236
297236
266726
458400
499889
324138
310395
331236
331236
448578
310395
317192
290866
338489
331236
284634
290866
310395
324138
261010
338489
338489
317192
310395
324138
331236
303744
290866
489178
278535
324138
338489
338489
331236
338489
297236
331236
303744
310395
499889
290866
317192
310395
448578
303744
338489
420355
377207
303744
402533
338489
331236
303744
284634
317192
324138
310395
331236
331236
468438
478695
429559
510835
324138
331236
331236
290866
310395
303744
420355
303744
290866
290866
331236
290866
468438
458400
284634
411348
338489
317192
420355
522021
284634
324138
303744
272566
522021
317192
331236
290866
411348
272566
310395
290866
310395
297236
338489
272566
317192
249944
272566
261010
278535
310395
278535
478695
272566
297236
284634
303744
297236
489178
499889
317192
331236
331236
317192
310395
303744
331236
324138
331236
278535
448578
278535
317192
266726
272566
303744
290866
448578
331236
438966
393908
331236
458400
303744
290866
297236
338489
448578
429559
448578
303744
338489
303744
438966
303744
303744
317192
429559
284634
338489
310395
331236
324138
420355
324138
338489
290866
290866
303744
284634
338489
338489
324138
324138
458400
272566
310395
278535
297236
317192
338489
284634
324138
266726
317192
261010
266726
338489
284634
310395
317192
255417
429559
324138
310395
317192
297236
324138
338489
297236
272566
324138
338489
317192
284634
317192
338489
429559
331236
303744
468438
317192
303744
317192
290866
429559
310395
303744
290866
420355
411348
290866
458400
310395
317192
331236
290866
448578
278535
290866
272566
297236
278535
290866
303744
429559
303744
331236
272566
317192
290866
448578
317192
310395
303744
338489
266726
411348
310395
297236
261010
324138
272566
303744
338489
338489
331236
324138
317192
303744
278535
290866
324138
324138
278535
290866
284634
338489
261010
317192
303744
310395
310395
278535
331236
420355
438966
297236
331236
261010
310395
303744
324138
297236
290866
324138
317192
317192
272566
420355
303744
290866
324138
324138
297236
249944
284634
317192
429559
331236
278535
317192
317192
284634
331236
458400
290866
338489
489178
331236
310395
331236
290866
429559
272566
331236
310395
303744
244589
278535
310395
489178
303744
310395
331236
284634
317192
303744
310395
448578
310395
278535
338489
290866
297236
324138
297236
297236
284634
331236
317192
310395
338489
297236
297236
261010
468438
290866
338489
303744
331236
261010
297236
324138
317192
239347
290866
310395
266726
290866
278535
317192
331236
489178
297236
303744
310395
324138
297236
324138
284634
303744
310395
317192
303744
310395
284634
310395
303744
297236
290866
297236
297236
489178
297236
429559
338489
310395
338489
303744
266726
284634
266726
266726
458400
310395
499889
448578
317192
438966
448578
324138
338489
297236
255417
324138
297236
324138
297236
290866
317192
310395
297236
317192
284634
338489
303744
290866
310395
303744
324138
338489
338489
317192
468438
297236
261010
317192
297236
310395
324138
429559
266726
310395
297236
278535
297236
324138
297236
310395
284634
331236
338489
303744
266726
266726
338489
303744
297236
324138
278535
310395
310395
284634
297236
331236
310395
324138
310395
284634
310395
458400
249944
338489
310395
297236
303744
290866
458400
338489
438966
331236
303744
303744
303744
290866
448578
310395
420355
458400
429559
338489
338489
317192
290866
290866
290866
310395
266726
297236
317192
310395
324138
249944
303744
324138
331236
324138
261010
438966
303744
310395
331236
278535
310395
284634
303744
303744
303744
331236
278535
284634
261010
317192
510835
261010
310395
331236
420355
331236
317192
468438
284634
284634
261010
297236
310395
278535
303744
411348
324138
324138
310395
338489
324138
303744
411348
290866
290866
