468438
458400
581733
429559
303744
489178
489178
438966
478695
303744
324138
458400
489178
331236
448578
489178
331236
338489
310395
499889
411348
303744
438966
522021
317192
489178
448578
458400
338489
338489
522021
338489
324138
489178
284634
338489
324138
489178
489178
478695
468438
448578
317192
569268
510835
310395
468438
324138
468438
290866
420355
533452
338489
458400
297236
310395
303744
458400
290866
324138
338489
468438
297236
429559
458400
303744
499889
510835
303744
533452
581733
489178
468438
468438
331236
338489
522021
331236
448578
331236
478695
468438
499889
324138
331236
317192
317192
324138
510835
468438
478695
468438
448578
411348
338489
317192
438966
310395
310395
489178
290866
297236
393908
297236
499889
310395
510835
468438
338489
489178
489178
533452
324138
338489
468438
468438
448578
324138
411348
478695
338489
533452
317192
324138
468438
310395
458400
331236
338489
489178
458400
338489
510835
569268
489178
331236
478695
317192
310395
338489
303744
448578
266726
338489
338489
331236
324138
429559
458400
338489
458400
331236
317192
331236
499889
429559
290866
448578
429559
324138
468438
310395
533452
317192
448578
331236
510835
429559
297236
317192
303744
331236
468438
303744
468438
297236
331236
499889
468438
468438
438966
522021
448578
489178
458400
310395
545133
458400
317192
533452
331236
317192
420355
411348
448578
310395
438966
458400
310395
338489
489178
324138
545133
338489
317192
317192
438966
478695
438966
489178
468438
448578
317192
324138
290866
317192
420355
338489
478695
458400
324138
581733
324138
338489
324138
303744
468438
303744
317192
533452
317192
303744
448578
420355
317192
510835
429559
272566
310395
420355
458400
458400
284634
324138
458400
489178
331236
438966
317192
324138
324138
510835
468438
303744
338489
338489
290866
324138
338489
331236
429559
297236
331236
331236
458400
510835
468438
522021
324138
331236
310395
468438
468438
331236
468438
499889
499889
284634
310395
331236
438966
522021
489178
499889
499889
420355
468438
324138
478695
317192
489178
338489
310395
478695
438966
448578
489178
331236
468438
331236
303744
331236
338489
468438
324138
448578
297236
402533
317192
478695
499889
303744
324138
510835
310395
338489
499889
331236
324138
499889
458400
338489
290866
458400
331236
331236
522021
438966
489178
331236
499889
448578
338489
510835
324138
338489
458400
331236
317192
338489
438966
338489
545133
458400
499889
429559
448578
338489
489178
448578
324138
331236
478695
331236
331236
478695
317192
303744
438966
338489
331236
458400
338489
420355
468438
438966
458400
448578
310395
478695
310395
478695
278535
338489
522021
303744
468438
448578
331236
438966
338489
557070
297236
489178
338489
448578
438966
331236
310395
317192
331236
297236
310395
310395
478695
331236
429559
499889
489178
310395
489178
331236
458400
438966
338489
331236
522021
545133
468438
448578
438966
489178
468438
557070
438966
310395
310395
468438
489178
489178
338489
331236
411348
499889
290866
317192
478695
489178
338489
338489
468438
266726
448578
317192
317192
297236
324138
290866
448578
324138
489178
448578
429559
331236
290866
458400
324138
489178
458400
489178
324138
489178
438966
324138
331236
478695
489178
278535
468438
438966
297236
510835
448578
310395
458400
468438
331236
324138
303744
448578
338489
310395
411348
448578
468438
317192
468438
478695
278535
438966
338489
310395
278535
522021
438966
324138
533452
522021
478695
478695
303744
478695
317192
324138
489178
317192
331236
448578
499889
510835
533452
478695
338489
324138
338489
303744
448578
331236
489178
438966
510835
338489
522021
438966
303744
522021
478695
324138
272566
499889
338489
317192
438966
284634
429559
338489
324138
478695
310395
317192
448578
489178
331236
303744
290866
458400
489178
499889
478695
297236
489178
478695
331236
317192
458400
438966
510835
478695
303744
324138
478695
331236
310395
297236
310395
324138
448578
284634
297236
303744
324138
458400
581733
393908
338489
478695
310395
448578
510835
338489
331236
317192
338489
468438
303744
468438
478695
420355
522021
310395
331236
331236
510835
338489
324138
510835
458400
338489
448578
338489
331236
478695
620791
338489
489178
290866
338489
317192
324138
545133
338489
458400
489178
489178
338489
429559
338489
489178
448578
317192
458400
331236
420355
545133
310395
478695
499889
557070
303744
489178
510835
510835
338489
297236
499889
489178
310395
331236
393908
448578
310395
310395
317192
533452
448578
297236
478695
458400
290866
458400
478695
458400
438966
290866
478695
324138
499889
290866
317192
317192
448578
324138
468438
489178
489178
324138
310395
297236
317192
557070
478695
331236
499889
489178
499889
489178
510835
303744
429559
448578
468438
499889
533452
338489
478695
478695
489178
324138
420355
317192
324138
499889
317192
468438
297236
338489
478695
338489
324138
510835
303744
448578
448578
468438
478695
458400
489178
338489
324138
448578
338489
331236
458400
317192
448578
297236
338489
489178
338489
317192
324138
429559
557070
317192
324138
499889
393908
522021
489178
489178
522021
458400
522021
290866
438966
317192
468438
331236
468438
499889
545133
438966
499889
310395
478695
338489
338489
310395
338489
468438
303744
478695
458400
429559
448578
338489
317192
499889
317192
448578
438966
420355
284634
489178
338489
468438
489178
468438
499889
438966
338489
438966
489178
303744
331236
324138
499889
489178
420355
331236
569268
499889
510835
458400
468438
324138
310395
303744
338489
458400
297236
478695
557070
420355
290866
310395
522021
499889
284634
324138
331236
317192
458400
468438
317192
290866
489178
458400
522021
478695
458400
522021
468438
448578
510835
489178
489178
489178
331236
458400
458400
338489
438966
324138
448578
489178
338489
489178
438966
478695
448578
522021
478695
429559
429559
338489
324138
331236
429559
438966
338489
545133
468438
338489
499889
420355
324138
468438
429559
324138
468438
331236
468438
489178
324138
324138
310395
338489
478695
478695
310395
499889
303744
338489
331236
420355
338489
420355
310395
331236
297236
448578
303744
522021
324138
331236
458400
317192
458400
522021
324138
331236
297236
458400
338489
310395
510835
468438
338489
499889
331236
303744
489178
297236
303744
324138
510835
468438
478695
338489
478695
499889
272566
489178
499889
499889
338489
317192
489178
331236
290866
297236
448578
297236
468438
290866
510835
478695
331236
338489
499889
468438
438966
510835
310395
338489
510835
338489
510835
499889
489178
338489
420355
324138
489178
478695
303744
489178
489178
310395
310395
338489
458400
338489
324138
303744
297236
458400
594472
317192
489178
317192
297236
331236
310395
468438
468438
324138
310395
545133
458400
510835
310395
478695
499889
297236
478695
338489
510835
317192
331236
468438
338489
478695
331236
468438
533452
338489
317192
438966
303744
317192
499889
448578
310395
429559
499889
458400
317192
522021
557070
429559
489178
468438
420355
284634
468438
317192
478695
458400
297236
338489
468438
438966
411348
420355
533452
499889
402533
458400
