331236
310395
303744
272566
331236
499889
478695
331236
338489
324138
297236
420355
557070
317192
278535
272566
338489
331236
324138
324138
331236
324138
411348
338489
310395
303744
324138
331236
310395
290866
310395
290866
272566
331236
303744
303744
290866
303744
297236
249944
331236
303744
303744
499889
297236
429559
324138
284634
278535
310395
278535
303744
411348
303744
331236
448578
338489
303744
310395
284634
338489
331236
249944
310395
317192
297236
338489
429559
284634
284634
448578
331236
317192
272566
310395
297236
331236
317192
324138
303744
331236
317192
324138
324138
317192
324138
290866
290866
290866
284634
272566
297236
317192
324138
272566
338489
310395
284634
468438
324138
310395
438966
317192
303744
338489
284634
317192
310395
338489
317192
303744
510835
331236
310395
338489
411348
310395
284634
310395
331236
303744
468438
284634
331236
411348
478695
317192
290866
478695
468438
338489
266726
284634
489178
458400
331236
317192
310395
317192
338489
303744
297236
297236
303744
331236
438966
411348
458400
448578
310395
272566
297236
297236
261010
338489
411348
324138
310395
297236
310395
310395
303744
278535
448578
448578
489178
338489
338489
317192
489178
261010
266726
310395
278535
331236
331236
249944
310395
297236
324138
303744
338489
317192
297236
297236
310395
290866
297236
338489
331236
290866
324138
297236
303744
324138
310395
303744
297236
478695
458400
458400
324138
338489
272566
303744
338489
284634
317192
324138
324138
290866
324138
290866
317192
297236
510835
489178
478695
317192
317192
310395
310395
448578
448578
429559
324138
290866
385467
317192
478695
284634
338489
290866
324138
438966
317192
303744
310395
310395
317192
303744
303744
255417
303744
310395
499889
261010
331236
324138
522021
324138
297236
266726
499889
303744
266726
331236
324138
303744
448578
324138
278535
303744
331236
468438
261010
290866
510835
324138
255417
420355
297236
448578
499889
290866
278535
338489
297236
297236
255417
303744
297236
478695
266726
310395
331236
338489
478695
324138
420355
317192
324138
266726
478695
317192
310395
448578
324138
338489
468438
331236
468438
290866
310395
324138
448578
489178
317192
510835
297236
297236
478695
324138
310395
324138
310395
290866
284634
420355
324138
324138
317192
331236
331236
297236
310395
303744
317192
272566
324138
438966
266726
317192
448578
284634
510835
331236
324138
331236
324138
458400
297236
448578
310395
324138
297236
290866
290866
448578
303744
272566
272566
438966
510835
303744
284634
297236
458400
261010
458400
338489
338489
338489
284634
338489
338489
278535
411348
545133
290866
324138
303744
324138
324138
331236
338489
489178
338489
303744
338489
331236
331236
266726
303744
310395
290866
290866
438966
438966
297236
317192
331236
249944
499889
331236
284634
303744
297236
303744
303744
303744
338489
290866
448578
303744
338489
303744
324138
303744
478695
331236
303744
297236
338489
317192
324138
324138
324138
303744
331236
478695
478695
331236
489178
522021
303744
278535
278535
290866
284634
310395
338489
284634
468438
468438
303744
303744
272566
331236
324138
261010
324138
284634
278535
290866
458400
324138
393908
297236
272566
331236
331236
324138
510835
324138
448578
331236
317192
317192
458400
468438
458400
338489
303744
429559
297236
338489
458400
448578
297236
338489
338489
290866
331236
338489
297236
478695
290866
448578
338489
324138
338489
324138
324138
297236
303744
331236
272566
297236
324138
522021
438966
468438
478695
331236
278535
429559
324138
317192
278535
310395
317192
310395
310395
261010
331236
338489
278535
317192
411348
338489
266726
303744
317192
297236
338489
290866
310395
284634
324138
284634
278535
324138
261010
438966
310395
338489
438966
429559
448578
458400
458400
310395
499889
429559
317192
324138
234219
468438
489178
255417
324138
338489
261010
533452
310395
310395
324138
324138
272566
278535
310395
338489
510835
317192
324138
297236
297236
338489
338489
429559
297236
338489
310395
317192
290866
331236
303744
303744
324138
255417
278535
310395
448578
278535
310395
303744
272566
290866
331236
458400
489178
303744
303744
278535
317192
303744
284634
290866
458400
338489
331236
331236
324138
310395
324138
297236
458400
411348
458400
478695
284634
310395
317192
317192
458400
317192
290866
249944
310395
303744
324138
557070
249944
522021
317192
303744
324138
324138
266726
317192
331236
489178
297236
324138
458400
468438
324138
290866
331236
310395
284634
448578
489178
284634
310395
317192
429559
303744
284634
338489
303744
338489
324138
468438
489178
278535
324138
290866
290866
303744
499889
284634
303744
317192
331236
338489
438966
266726
338489
324138
338489
317192
331236
478695
290866
290866
317192
310395
331236
310395
297236
310395
489178
290866
331236
284634
331236
324138
510835
331236
458400
317192
310395
272566
420355
290866
331236
331236
468438
331236
310395
324138
290866
331236
303744
448578
411348
297236
290866
499889
284634
478695
266726
303744
303744
317192
310395
317192
310395
290866
317192
489178
272566
438966
438966
303744
324138
338489
297236
324138
317192
317192
278535
338489
338489
266726
310395
310395
478695
278535
310395
331236
478695
317192
478695
331236
331236
278535
448578
338489
324138
297236
338489
522021
478695
489178
303744
272566
284634
324138
310395
290866
324138
297236
317192
324138
261010
338489
310395
429559
290866
303744
284634
338489
331236
284634
324138
303744
239347
438966
317192
290866
317192
331236
290866
478695
331236
317192
478695
310395
458400
290866
278535
331236
331236
297236
448578
303744
429559
278535
310395
324138
331236
310395
478695
338489
324138
533452
331236
324138
272566
261010
317192
310395
438966
310395
338489
297236
284634
310395
303744
331236
284634
324138
303744
303744
331236
284634
438966
402533
297236
272566
324138
438966
499889
331236
420355
324138
297236
438966
290866
310395
303744
411348
284634
303744
338489
458400
331236
324138
290866
338489
458400
284634
331236
533452
310395
324138
290866
324138
324138
411348
261010
317192
411348
338489
458400
284634
420355
303744
290866
310395
303744
533452
429559
338489
297236
331236
290866
429559
303744
338489
255417
331236
310395
331236
284634
272566
290866
310395
303744
448578
317192
324138
458400
420355
331236
331236
284634
324138
290866
324138
448578
458400
317192
310395
290866
317192
303744
310395
317192
331236
499889
324138
310395
278535
266726
429559
468438
489178
297236
324138
266726
402533
324138
324138
324138
338489
522021
338489
266726
468438
438966
478695
290866
278535
411348
310395
290866
324138
303744
338489
297236
338489
266726
284634
297236
290866
310395
468438
272566
331236
297236
317192
278535
338489
272566
310395
468438
420355
310395
303744
331236
310395
324138
331236
317192
303744
448578
324138
284634
338489
317192
297236
284634
489178
338489
303744
284634
303744
324138
448578
278535
303744
478695
297236
324138
303744
303744
317192
338489
331236
317192
317192
510835
303744
338489
297236
324138
324138
303744
338489
290866
310395
310395
338489
297236
324138
310395
