478695
278535
284634
303744
324138
272566
331236
303744
478695
255417
297236
303744
338489
303744
317192
317192
303744
510835
278535
324138
331236
317192
290866
331236
284634
284634
310395
331236
249944
331236
266726
324138
303744
310395
324138
297236
317192
244589
266726
284634
468438
458400
310395
249944
284634
331236
331236
234219
310395
278535
278535
272566
310395
297236
324138
324138
272566
303744
338489
310395
284634
324138
284634
278535
331236
272566
278535
303744
303744
297236
297236
317192
266726
468438
310395
272566
438966
429559
290866
317192
303744
290866
303744
290866
297236
303744
272566
317192
290866
522021
411348
317192
458400
438966
272566
297236
303744
278535
303744
284634
317192
297236
331236
278535
303744
310395
489178
266726
468438
249944
303744
284634
411348
297236
290866
338489
324138
324138
331236
290866
290866
266726
290866
331236
324138
324138
272566
303744
338489
278535
297236
317192
272566
284634
297236
324138
324138
331236
303744
278535
297236
324138
290866
317192
284634
324138
420355
310395
324138
261010
303744
310395
317192
324138
310395
420355
255417
468438
284634
324138
317192
324138
324138
331236
338489
489178
338489
303744
324138
290866
297236
420355
317192
338489
297236
338489
310395
324138
303744
278535
317192
284634
284634
317192
324138
303744
324138
303744
324138
317192
266726
331236
324138
317192
310395
429559
244589
290866
338489
266726
317192
510835
266726
331236
468438
317192
249944
290866
284634
317192
324138
255417
290866
317192
310395
278535
303744
324138
303744
261010
297236
310395
310395
266726
284634
317192
290866
303744
290866
324138
297236
303744
284634
338489
310395
324138
310395
331236
303744
338489
284634
317192
438966
278535
338489
317192
297236
402533
510835
297236
297236
266726
303744
338489
324138
261010
377207
429559
303744
338489
290866
272566
290866
324138
317192
284634
303744
317192
317192
272566
324138
303744
303744
303744
266726
290866
278535
310395
448578
331236
290866
338489
303744
278535
317192
239347
284634
317192
303744
324138
331236
317192
290866
438966
331236
303744
284634
297236
317192
278535
324138
244589
324138
284634
284634
331236
448578
310395
272566
317192
324138
303744
266726
290866
297236
290866
278535
272566
303744
310395
310395
303744
310395
266726
297236
278535
255417
331236
272566
278535
272566
303744
317192
310395
255417
324138
331236
338489
438966
317192
297236
338489
284634
317192
303744
458400
290866
317192
278535
290866
338489
310395
478695
438966
284634
303744
317192
278535
266726
317192
331236
310395
290866
324138
297236
303744
303744
324138
284634
290866
338489
438966
338489
261010
278535
489178
338489
303744
290866
438966
290866
411348
420355
249944
522021
297236
331236
278535
420355
429559
448578
468438
266726
272566
310395
297236
272566
338489
324138
297236
338489
478695
303744
278535
297236
297236
278535
510835
310395
429559
297236
297236
278535
338489
278535
266726
290866
284634
317192
261010
317192
297236
255417
290866
317192
317192
331236
310395
303744
331236
438966
297236
266726
310395
324138
324138
324138
310395
278535
338489
303744
297236
438966
297236
338489
290866
324138
284634
331236
278535
317192
317192
284634
303744
458400
411348
310395
310395
317192
297236
272566
489178
317192
338489
297236
290866
290866
303744
310395
310395
303744
338489
290866
310395
324138
303744
310395
297236
303744
261010
438966
317192
297236
284634
402533
290866
448578
272566
338489
284634
438966
266726
303744
324138
266726
331236
310395
338489
338489
297236
272566
448578
317192
284634
290866
317192
317192
331236
317192
310395
278535
324138
478695
278535
278535
284634
324138
420355
272566
324138
310395
438966
338489
297236
261010
324138
297236
290866
290866
272566
272566
297236
458400
261010
284634
331236
331236
317192
438966
420355
303744
290866
272566
489178
331236
331236
324138
533452
324138
420355
420355
310395
324138
297236
317192
317192
303744
448578
310395
338489
284634
303744
458400
317192
290866
317192
297236
266726
297236
331236
278535
297236
317192
266726
272566
324138
303744
303744
284634
338489
255417
310395
420355
272566
297236
331236
290866
310395
297236
324138
284634
317192
429559
249944
284634
297236
317192
478695
317192
290866
297236
331236
331236
272566
284634
331236
331236
290866
310395
303744
303744
297236
411348
338489
290866
438966
331236
266726
297236
324138
284634
324138
489178
284634
310395
278535
297236
438966
324138
448578
290866
317192
284634
310395
310395
317192
468438
290866
317192
317192
278535
272566
338489
448578
310395
310395
284634
261010
310395
338489
278535
338489
297236
303744
290866
278535
324138
272566
266726
468438
303744
317192
303744
338489
331236
324138
338489
272566
297236
310395
324138
261010
499889
458400
272566
297236
290866
317192
478695
478695
310395
331236
284634
261010
266726
317192
284634
331236
303744
284634
468438
468438
317192
290866
261010
324138
338489
324138
266726
317192
297236
278535
317192
303744
324138
284634
284634
255417
310395
303744
331236
468438
272566
297236
331236
310395
290866
338489
324138
303744
297236
324138
338489
438966
303744
338489
438966
290866
317192
331236
297236
290866
310395
303744
411348
290866
324138
324138
458400
297236
385467
331236
303744
297236
324138
317192
297236
266726
284634
297236
331236
331236
338489
331236
317192
290866
317192
297236
297236
310395
284634
324138
324138
338489
338489
290866
303744
297236
255417
324138
338489
317192
266726
310395
310395
290866
290866
324138
338489
284634
324138
290866
297236
272566
331236
272566
331236
284634
303744
272566
310395
429559
331236
429559
310395
448578
297236
290866
458400
239347
324138
303744
261010
324138
324138
278535
310395
429559
278535
297236
331236
324138
278535
278535
272566
303744
522021
310395
448578
317192
338489
458400
297236
297236
331236
338489
468438
297236
297236
244589
310395
324138
303744
310395
266726
290866
278535
478695
297236
284634
324138
272566
297236
266726
402533
420355
338489
324138
331236
261010
317192
297236
266726
284634
468438
310395
303744
317192
338489
297236
429559
297236
317192
297236
317192
331236
284634
317192
272566
297236
261010
331236
266726
278535
249944
297236
303744
297236
310395
261010
324138
317192
290866
290866
317192
278535
303744
324138
317192
278535
284634
338489
297236
468438
338489
297236
468438
290866
290866
317192
458400
284634
331236
324138
324138
310395
324138
448578
290866
448578
324138
297236
331236
499889
303744
303744
303744
278535
310395
338489
261010
324138
284634
338489
338489
448578
297236
338489
310395
331236
499889
324138
303744
420355
303744
303744
290866
297236
420355
297236
278535
297236
297236
284634
310395
284634
324138
310395
310395
317192
402533
438966
272566
310395
266726
324138
310395
303744
297236
338489
324138
310395
284634
278535
310395
284634
278535
458400
278535
255417
324138
284634
310395
303744
266726
255417
303744
338489
402533
317192
317192
310395
510835
468438
290866
331236
317192
310395
317192
338489
278535
489178
331236
244589
310395
324138
284634
310395
239347
284634
