303744
297236
448578
303744
458400
569268
468438
338489
331236
338489
338489
310395
478695
438966
458400
489178
545133
499889
338489
331236
411348
420355
533452
317192
510835
522021
317192
331236
478695
331236
448578
317192
522021
338489
278535
545133
338489
297236
438966
324138
438966
331236
489178
448578
458400
338489
478695
331236
468438
478695
478695
303744
581733
533452
510835
324138
290866
272566
468438
331236
297236
310395
499889
317192
489178
489178
533452
324138
468438
272566
468438
303744
510835
489178
278535
448578
331236
331236
489178
310395
545133
478695
458400
522021
458400
448578
338489
438966
448578
569268
331236
499889
317192
478695
468438
331236
499889
510835
448578
557070
310395
545133
290866
510835
478695
478695
510835
324138
317192
438966
468438
338489
310395
331236
331236
458400
331236
522021
458400
284634
458400
489178
557070
429559
420355
468438
478695
331236
317192
522021
438966
324138
331236
489178
478695
489178
338489
331236
331236
468438
581733
468438
458400
438966
448578
468438
338489
458400
468438
545133
317192
303744
448578
324138
429559
510835
499889
448578
438966
411348
468438
338489
478695
324138
317192
429559
420355
510835
303744
303744
331236
545133
533452
468438
429559
489178
338489
310395
317192
499889
499889
499889
489178
303744
324138
458400
468438
478695
338489
468438
331236
303744
310395
510835
324138
468438
310395
468438
448578
448578
478695
510835
545133
297236
310395
510835
533452
522021
303744
331236
489178
448578
489178
338489
489178
331236
284634
284634
310395
338489
448578
317192
458400
317192
338489
448578
331236
510835
331236
458400
331236
448578
478695
324138
331236
468438
331236
510835
458400
324138
478695
331236
458400
545133
458400
317192
522021
468438
468438
324138
448578
310395
438966
448578
317192
310395
557070
510835
499889
499889
284634
438966
510835
297236
438966
478695
448578
429559
478695
338489
303744
324138
324138
297236
310395
429559
522021
458400
331236
324138
557070
324138
438966
499889
478695
489178
448578
448578
468438
324138
489178
468438
468438
478695
324138
478695
448578
278535
331236
468438
310395
303744
331236
581733
303744
468438
448578
489178
331236
338489
310395
499889
338489
510835
468438
317192
448578
458400
331236
290866
499889
338489
290866
478695
317192
448578
310395
458400
499889
331236
290866
438966
317192
338489
458400
429559
489178
331236
317192
458400
438966
458400
478695
448578
533452
478695
331236
338489
331236
499889
489178
489178
310395
438966
448578
324138
429559
324138
429559
438966
448578
458400
458400
438966
522021
510835
317192
478695
317192
317192
324138
489178
310395
448578
489178
458400
522021
303744
489178
324138
478695
331236
317192
510835
429559
468438
303744
310395
499889
438966
468438
331236
533452
510835
478695
522021
324138
420355
533452
338489
499889
569268
317192
510835
429559
317192
499889
324138
489178
478695
331236
478695
545133
331236
522021
324138
317192
331236
338489
458400
338489
510835
499889
510835
522021
338489
478695
499889
303744
499889
310395
290866
533452
581733
324138
533452
557070
545133
468438
545133
499889
489178
297236
468438
331236
317192
310395
489178
338489
331236
489178
338489
468438
569268
284634
458400
478695
310395
557070
438966
324138
489178
499889
324138
510835
468438
499889
545133
499889
420355
438966
478695
468438
468438
458400
297236
338489
478695
478695
489178
338489
331236
522021
557070
420355
290866
489178
522021
331236
510835
331236
458400
448578
478695
429559
338489
478695
448578
522021
331236
448578
317192
310395
438966
499889
317192
429559
510835
331236
338489
331236
499889
458400
303744
317192
290866
310395
331236
510835
338489
489178
468438
297236
510835
569268
458400
478695
338489
324138
324138
420355
557070
478695
478695
324138
489178
303744
324138
438966
338489
468438
438966
478695
458400
324138
331236
478695
468438
317192
545133
510835
510835
533452
331236
338489
438966
438966
338489
458400
489178
489178
489178
338489
478695
317192
317192
458400
458400
338489
458400
522021
331236
303744
310395
448578
324138
331236
331236
317192
468438
272566
468438
331236
478695
290866
557070
478695
468438
510835
468438
569268
324138
290866
510835
499889
297236
438966
478695
324138
468438
557070
429559
420355
489178
438966
429559
331236
324138
438966
324138
468438
438966
499889
338489
533452
331236
331236
338489
331236
489178
317192
499889
338489
324138
402533
338489
438966
468438
478695
317192
429559
448578
310395
324138
278535
478695
458400
448578
338489
448578
533452
331236
448578
478695
489178
420355
310395
324138
458400
297236
533452
331236
324138
338489
310395
468438
331236
458400
317192
468438
324138
522021
478695
478695
458400
324138
510835
303744
310395
489178
499889
338489
317192
448578
458400
324138
284634
324138
317192
533452
489178
338489
478695
489178
478695
458400
499889
522021
468438
338489
468438
303744
317192
478695
522021
468438
458400
489178
338489
324138
522021
297236
458400
338489
297236
331236
338489
478695
272566
324138
489178
458400
331236
317192
331236
338489
510835
499889
324138
468438
499889
510835
284634
420355
420355
324138
310395
510835
324138
489178
331236
489178
489178
468438
448578
458400
438966
310395
317192
331236
317192
489178
303744
557070
510835
557070
420355
448578
510835
522021
429559
338489
458400
331236
468438
458400
569268
458400
499889
533452
499889
458400
338489
510835
331236
438966
324138
468438
438966
478695
478695
317192
478695
489178
317192
331236
510835
478695
478695
402533
468438
290866
324138
324138
468438
478695
324138
420355
499889
303744
429559
317192
310395
331236
478695
478695
458400
310395
489178
324138
331236
331236
317192
478695
478695
489178
510835
478695
429559
324138
438966
303744
522021
499889
438966
420355
510835
478695
533452
429559
338489
317192
324138
510835
468438
478695
458400
489178
478695
489178
290866
303744
468438
317192
324138
468438
317192
324138
331236
310395
338489
448578
331236
324138
324138
478695
303744
331236
338489
324138
499889
429559
297236
331236
458400
478695
438966
458400
438966
338489
303744
499889
272566
411348
324138
303744
261010
478695
448578
448578
338489
478695
478695
478695
338489
317192
324138
489178
317192
510835
557070
478695
331236
411348
331236
458400
620791
489178
317192
317192
478695
438966
338489
510835
458400
489178
338489
331236
338489
448578
324138
324138
510835
303744
324138
420355
468438
303744
331236
290866
458400
448578
468438
581733
438966
499889
324138
324138
331236
489178
499889
478695
448578
510835
499889
338489
303744
338489
324138
278535
499889
310395
448578
499889
324138
438966
499889
478695
402533
331236
429559
420355
331236
331236
478695
448578
438966
324138
468438
478695
310395
310395
310395
278535
499889
420355
324138
489178
478695
438966
557070
303744
489178
448578
489178
522021
317192
458400
468438
499889
331236
557070
448578
420355
331236
458400
331236
458400
429559
510835
420355
533452
411348
545133
324138
331236
510835
478695
303744
317192
545133
438966
310395
338489
324138
438966
310395
522021
468438
331236
