284634
303744
290866
331236
324138
310395
522021
290866
303744
331236
303744
338489
272566
303744
303744
510835
338489
338489
468438
290866
266726
338489
331236
338489
324138
303744
338489
324138
317192
310395
272566
338489
317192
303744
284634
310395
448578
284634
458400
420355
499889
317192
331236
284634
284634
310395
468438
303744
331236
324138
468438
489178
338489
331236
331236
448578
338489
290866
324138
468438
331236
324138
290866
331236
468438
310395
290866
429559
284634
331236
317192
317192
324138
324138
303744
331236
420355
317192
324138
510835
297236
310395
331236
317192
338489
310395
261010
317192
438966
303744
324138
324138
303744
303744
303744
338489
331236
317192
402533
438966
338489
420355
448578
317192
284634
310395
438966
310395
338489
297236
324138
272566
290866
338489
297236
338489
324138
338489
338489
303744
324138
338489
290866
324138
338489
261010
429559
489178
297236
420355
278535
278535
324138
284634
324138
478695
468438
499889
489178
438966
478695
290866
468438
489178
569268
310395
510835
338489
310395
510835
310395
310395
284634
324138
297236
438966
310395
310395
468438
331236
338489
290866
522021
317192
303744
284634
303744
458400
338489
310395
338489
458400
324138
338489
411348
489178
303744
297236
284634
317192
297236
297236
331236
499889
510835
278535
338489
522021
338489
331236
324138
317192
478695
317192
278535
324138
324138
448578
310395
331236
310395
303744
324138
303744
411348
297236
478695
310395
297236
324138
324138
324138
510835
429559
429559
297236
303744
499889
303744
429559
303744
310395
331236
331236
331236
324138
331236
458400
458400
331236
317192
297236
303744
317192
310395
489178
338489
317192
324138
489178
331236
338489
310395
278535
317192
331236
310395
297236
438966
272566
331236
310395
338489
448578
338489
324138
317192
438966
478695
290866
429559
297236
303744
331236
458400
331236
297236
290866
317192
303744
324138
303744
317192
331236
338489
261010
297236
272566
297236
489178
338489
478695
310395
303744
458400
331236
310395
510835
458400
290866
510835
331236
331236
284634
402533
331236
331236
297236
478695
290866
317192
290866
284634
331236
317192
468438
310395
317192
303744
458400
297236
310395
338489
303744
458400
420355
499889
411348
489178
310395
331236
331236
402533
338489
338489
331236
448578
331236
331236
331236
478695
324138
438966
317192
278535
317192
324138
324138
284634
448578
317192
297236
284634
297236
402533
303744
284634
303744
310395
297236
303744
266726
290866
297236
331236
290866
255417
458400
331236
324138
324138
458400
317192
499889
317192
303744
331236
489178
317192
402533
310395
499889
317192
310395
533452
303744
338489
331236
297236
338489
297236
317192
429559
317192
317192
510835
458400
489178
324138
284634
522021
310395
290866
266726
297236
266726
303744
266726
317192
338489
331236
278535
290866
324138
420355
331236
297236
324138
331236
317192
331236
338489
297236
290866
478695
411348
324138
331236
429559
429559
297236
331236
297236
448578
338489
331236
290866
303744
284634
489178
266726
338489
290866
310395
272566
317192
438966
458400
272566
338489
278535
310395
310395
331236
324138
317192
324138
324138
310395
303744
272566
303744
310395
324138
393908
448578
297236
338489
317192
324138
272566
331236
310395
324138
499889
331236
297236
324138
448578
489178
331236
317192
338489
478695
290866
278535
310395
266726
284634
303744
478695
324138
448578
324138
266726
533452
338489
324138
448578
255417
303744
310395
290866
303744
338489
303744
324138
310395
290866
310395
448578
324138
297236
266726
303744
310395
338489
468438
338489
317192
303744
331236
317192
261010
278535
317192
290866
284634
278535
420355
499889
303744
324138
310395
324138
303744
310395
317192
303744
284634
278535
297236
331236
297236
290866
324138
324138
317192
338489
317192
324138
438966
468438
324138
458400
324138
272566
297236
303744
278535
438966
317192
338489
310395
489178
533452
468438
310395
324138
303744
489178
324138
338489
297236
303744
310395
297236
448578
310395
331236
317192
338489
310395
438966
338489
310395
458400
338489
438966
324138
278535
438966
317192
303744
499889
420355
266726
420355
499889
297236
338489
499889
272566
303744
438966
429559
338489
303744
290866
297236
317192
303744
438966
310395
317192
303744
324138
468438
429559
499889
317192
331236
297236
331236
255417
317192
303744
331236
324138
290866
499889
331236
438966
324138
324138
324138
303744
324138
468438
338489
331236
272566
448578
429559
338489
338489
303744
278535
303744
310395
297236
411348
317192
438966
290866
303744
297236
429559
331236
278535
331236
284634
468438
468438
278535
317192
331236
303744
310395
438966
303744
284634
303744
324138
533452
249944
478695
331236
411348
290866
317192
478695
317192
297236
290866
278535
284634
261010
310395
331236
303744
272566
458400
317192
324138
338489
303744
284634
331236
290866
324138
290866
324138
458400
338489
272566
458400
338489
317192
438966
522021
324138
297236
278535
317192
458400
310395
411348
331236
324138
429559
331236
272566
297236
290866
331236
284634
310395
324138
317192
297236
317192
324138
297236
278535
297236
278535
324138
310395
331236
489178
303744
310395
297236
278535
303744
310395
310395
411348
278535
303744
448578
438966
429559
303744
284634
458400
324138
499889
284634
331236
310395
324138
478695
429559
284634
458400
429559
478695
317192
317192
303744
310395
331236
284634
324138
468438
324138
317192
290866
290866
331236
278535
317192
297236
278535
255417
458400
448578
303744
317192
478695
489178
317192
545133
272566
303744
338489
489178
331236
317192
278535
338489
338489
310395
284634
458400
290866
317192
297236
310395
278535
297236
290866
331236
331236
489178
297236
499889
420355
458400
429559
303744
331236
429559
331236
278535
303744
458400
297236
317192
331236
284634
303744
331236
290866
510835
324138
420355
284634
331236
317192
393908
331236
255417
290866
324138
338489
429559
489178
324138
468438
429559
284634
297236
310395
324138
338489
458400
510835
331236
310395
317192
478695
297236
284634
303744
261010
303744
310395
261010
290866
278535
331236
331236
303744
324138
290866
458400
338489
310395
278535
310395
468438
317192
338489
272566
438966
338489
303744
489178
284634
458400
489178
420355
317192
317192
272566
458400
278535
317192
411348
438966
303744
324138
303744
317192
278535
478695
499889
489178
478695
317192
303744
297236
324138
324138
522021
310395
324138
438966
393908
338489
278535
310395
310395
429559
338489
331236
303744
338489
448578
272566
324138
290866
448578
324138
310395
290866
331236
338489
522021
324138
297236
284634
489178
331236
297236
303744
317192
284634
448578
338489
429559
290866
448578
331236
284634
284634
338489
317192
331236
438966
338489
448578
338489
290866
338489
468438
324138
310395
278535
317192
317192
331236
272566
310395
448578
429559
331236
317192
297236
278535
317192
533452
338489
438966
478695
468438
324138
338489
310395
438966
303744
331236
338489
448578
522021
303744
338489
317192
522021
411348
297236
278535
458400
261010
448578
429559
278535
